122.91  1
123.41  1
123.42  1
123.43  1
123.44  1
123.45  1
123.46  1
123.47  1
123.48  1
123.49  1
123.5  1
123.51  1
123.52  1
123.53  1
123.54  1
123.55  1
123.56  1
123.57  1
123.58  1
123.59  1
123.6  1
123.61  1
123.62  1
123.63  1
123.64  1
123.65  1
123.66  1
123.67  1
123.68  1
123.69  1
123.7  1
123.71  1
123.72  1
123.73  1
123.74  1
123.75  1
123.76  1
123.77  1
123.78  1
123.79  1
123.8  1
123.81  1
123.82  1
123.83  1
123.84  1
123.85  1
123.86  1
123.87  1
123.88  1
123.89  1
123.9  1
123.91  1
123.92  1
123.93  1
123.94  1
123.95  1
123.96  1
123.97  1
123.98  1
123.99  1
124.0  1
124.01  1
124.02  1
124.03  1
124.04  1
124.05  1
124.06  1
124.07  1
124.08  1
124.09  1
124.1  1
124.11  1
124.12  1
124.13  1
124.14  1
124.15  1
124.16  1
124.17  1
124.18  1
124.19  1
124.2  1
124.21  1
124.22  1
124.23  1
124.24  1
124.25  1
124.26  1
124.27  1
124.28  1
124.29  1
124.3  1
124.31  1
124.32  1
124.33  1
124.34  1
124.35  1
124.36  1
124.37  1
124.38  1
124.39  1
124.4  1
124.41  1
124.42  1
124.43  1
124.44  1
124.45  1
124.46  1
124.47  1
124.48  1
124.49  1
124.5  1
124.51  1
124.52  1
124.53  1
124.54  1
124.55  1
124.56  1
124.57  1
124.58  1
124.59  1
124.6  1
124.61  1
124.62  1
124.63  1
124.64  1
124.65  1
124.66  1
124.67  1
124.68  1
124.69  1
124.7  1
124.71  1
124.72  1
124.73  1
124.74  1
124.75  1
124.76  1
124.77  1
124.78  1
124.79  1
124.8  1
124.81  1
124.82  1
124.83  1
124.84  1
124.85  1
124.86  1
124.87  1
124.88  1
124.89  1
124.9  1
124.91  1
124.92  1
124.93  1
124.94  1
124.95  1
124.96  1
124.97  1
124.98  1
124.99  1
125.0  1
125.01  1
125.02  1
125.03  1
125.04  1
125.05  1
125.06  1
125.07  1
125.08  1
125.09  1
125.1  1
125.11  1
125.12  1
125.13  1
125.14  1
125.15  1
125.16  1
125.17  1
125.18  1
125.19  1
125.2  1
125.21  1
125.22  1
125.23  1
125.24  1
125.25  1
125.26  1
125.27  1
125.28  1
125.29  1
125.3  1
125.31  1
125.32  1
125.33  1
125.34  1
125.35  1
125.36  1
125.37  1
125.38  1
125.39  1
125.4  1
125.41  1
125.42  1
125.43  1
125.44  1
125.45  1
125.46  1
125.47  1
125.48  1
125.49  1
125.5  1
125.51  1
125.52  1
125.53  1
125.54  1
125.55  1
125.56  1
125.57  1
125.58  1
125.59  1
125.6  1
125.61  1
125.62  1
125.63  1
125.64  1
125.65  1
125.66  1
125.67  1
125.68  1
125.69  1
125.7  1
125.71  1
125.72  1
125.73  1
125.74  1
125.75  1
125.76  1
125.77  1
125.78  1
125.79  1
125.8  1
125.81  1
125.82  1
125.83  1
125.84  1
125.85  1
125.86  1
125.87  1
125.88  1
125.89  1
125.9  1
125.91  1
125.92  1
125.93  1
125.94  1
125.95  1
125.96  1
125.97  1
125.98  1
125.99  1
126.0  1
126.01  1
126.02  1
126.03  1
126.04  1
126.05  1
126.06  1
126.07  1
126.08  1
126.09  1
126.1  1
126.11  1
126.12  1
126.13  1
126.14  1
126.15  1
126.16  1
126.17  1
126.18  1
126.19  1
126.2  1
126.21  1
126.22  1
126.23  1
126.24  1
126.25  1
126.26  1
126.27  1
126.28  1
126.29  1
126.3  1
126.31  1
126.32  1
126.33  1
126.34  1
126.35  1
126.36  1
126.37  1
126.38  1
126.39  1
126.4  1
126.41  1
126.42  1
126.43  1
126.44  1
126.45  1
126.46  1
126.47  1
126.48  1
126.49  1
126.5  1
126.51  1
126.52  1
126.53  1
126.54  1
126.55  1
126.56  1
126.57  1
126.58  1
126.59  1
126.6  1
126.61  1
126.62  1
126.63  1
126.64  1
126.65  1
126.66  1
126.67  1
126.68  1
126.69  1
126.7  1
126.71  1
126.72  1
126.73  1
126.74  1
126.75  1
126.76  1
126.77  1
126.78  1
126.79  1
126.8  1
126.81  1
126.82  1
126.83  1
126.84  1
126.85  1
126.86  1
126.87  1
126.88  1
126.89  1
126.9  1
126.91  1
126.92  1
126.93  1
126.94  1
126.95  1
126.96  1
126.97  1
126.98  1
126.99  1
127.0  1
127.01  1
127.02  1
127.03  1
127.04  1
127.05  1
127.06  1
127.07  1
127.08  1
127.09  1
127.1  1
127.11  1
127.12  1
127.13  1
127.14  1
127.15  1
127.16  1
127.17  1
127.18  1
127.19  1
127.2  1
127.21  1
127.22  1
127.23  1
127.24  1
127.25  1
127.26  1
127.27  1
127.28  1
127.29  1
127.3  1
127.31  1
127.32  1
127.33  1
127.34  1
127.35  1
127.36  1
127.37  1
127.38  1
127.39  1
127.4  1
127.41  1
127.42  1
127.43  1
127.44  1
127.45  1
127.46  1
127.47  1
127.48  1
127.49  1
127.5  1
127.51  1
127.52  1
127.53  1
127.54  1
127.55  1
127.56  1
127.57  1
127.58  1
127.59  1
127.6  1
127.61  1
127.62  1
127.63  1
127.64  1
127.65  1
127.66  1
127.67  1
127.68  1
127.69  1
127.7  1
127.71  1
127.72  1
127.73  1
127.74  1
127.75  1
127.76  1
127.77  1
127.78  1
127.79  1
127.8  1
127.81  1
127.82  1
127.83  1
127.84  1
127.85  1
127.86  1
127.87  1
127.88  1
127.89  1
127.9  1
127.91  1
127.92  1
127.93  1
127.94  1
127.95  1
127.96  1
127.97  1
127.98  1
127.99  1
128.0  1
128.01  1
128.02  1
128.03  1
128.04  1
128.05  1
128.06  1
128.07  1
128.08  1
128.09  1
128.1  1
128.11  1
128.12  1
128.13  1
128.14  1
128.15  1
128.16  1
128.17  1
128.18  1
128.19  1
128.2  1
128.21  1
128.22  1
128.23  1
128.24  1
128.25  1
128.26  1
128.27  1
128.28  1
128.29  1
128.3  1
128.31  1
128.32  1
128.33  1
128.34  1
128.35  1
128.36  1
128.37  1
128.38  1
128.39  1
128.4  1
128.41  1
128.42  1
128.43  1
128.44  1
128.45  1
128.46  1
128.47  1
128.48  1
128.49  1
128.5  1
128.51  1
128.52  1
128.53  1
128.54  1
128.55  1
128.56  1
128.57  1
128.58  1
128.59  1
128.6  1
128.61  1
128.62  1
128.63  1
128.64  1
128.65  1
128.66  1
128.67  1
128.68  1
128.69  1
128.7  1
128.71  1
128.72  1
128.73  1
128.74  1
128.75  1
128.76  1
128.77  1
128.78  1
128.79  1
128.8  1
128.81  1
128.82  1
128.83  1
128.84  1
128.85  1
128.86  1
128.87  1
128.88  1
128.89  1
128.9  1
128.91  1
128.92  1
128.93  1
128.94  1
128.95  1
128.96  1
128.97  1
128.98  1
128.99  1
129.0  1
129.01  1
129.02  1
129.03  1
129.04  1
129.05  1
129.06  1
129.07  1
129.08  1
129.09  1
129.1  1
129.11  1
129.12  1
129.13  1
129.14  1
129.15  1
129.16  1
129.17  1
129.18  1
129.19  1
129.2  1
129.21  1
129.22  1
129.23  1
129.91  1
129.92  1
129.93  1
129.94  1
129.95  1
129.96  1
129.97  1
129.98  1
129.99  1
130.0  1
130.01  1
130.02  1
130.03  1
130.04  1
130.05  1
130.06  1
130.07  1
130.08  1
130.09  1
130.1  1
130.11  1
130.12  1
130.13  1
130.14  1
130.15  1
130.16  1
130.17  1
130.18  1
130.19  1
130.2  1
130.21  1
130.22  1
130.23  1
130.24  1
130.25  1
130.26  1
130.27  1
130.28  1
130.29  1
130.3  1
130.31  1
130.32  1
130.33  1
130.34  1
130.35  1
130.36  1
130.37  1
130.38  1
130.39  1
131.26  1
131.27  1
131.28  1
131.29  1
131.3  1
131.31  1
131.32  1
131.33  1
131.34  1
131.35  1
131.36  1
131.37  1
131.38  1
131.39  1
131.4  1
131.41  1
131.42  1
131.43  1
131.44  1
131.45  1
131.46  1
131.47  1
131.48  1
131.49  1
131.5  1
131.51  1
131.52  1
131.53  1
131.54  1
131.55  1
131.56  1
131.57  1
132.44  1
132.45  1
132.46  1
132.47  1
132.48  1
132.49  1
132.5  1
132.51  1
132.52  1
132.53  1
132.54  1
132.55  1
132.56  1
132.57  1
132.58  1
132.59  1
132.6  1
132.61  1
132.62  1
132.63  1
132.64  1
132.65  1
132.66  1
132.67  1
132.68  1
132.69  1
132.7  1
132.71  1
132.72  1
132.73  1
132.74  1
132.75  1
132.76  1
132.77  1
132.78  1
132.79  1
132.8  1
132.81  1
132.82  1
132.83  1
132.84  1
132.85  1
132.86  1
132.87  1
132.88  1
132.89  1
132.9  1
133.48  1
133.49  1
133.5  1
133.51  1
133.52  1
133.53  1
133.54  1
133.55  1
133.56  1
133.57  1
133.58  1
133.59  1
133.6  1
133.61  1
133.62  1
133.63  1
133.64  1
133.65  1
133.66  1
133.67  1
133.68  1
133.69  1
133.7  1
133.71  1
133.72  1
133.73  1
133.74  1
133.75  1
133.76  1
133.77  1
133.78  1
133.79  1
133.8  1
133.81  1
133.82  1
133.83  1
133.84  1
133.85  1
133.86  1
133.87  1
133.88  1
133.89  1
133.9  1
133.91  1
133.92  1
133.93  1
133.94  1
133.95  1
133.96  1
133.97  1
133.98  1
133.99  1
134.0  1
134.01  1
134.02  1
134.03  1
134.04  1
134.05  1
134.06  1
134.07  1
134.08  1
134.09  1
134.1  1
134.11  1
134.12  1
134.13  1
134.14  1
134.15  1
134.16  1
134.17  1
134.18  1
134.19  1
134.2  1
134.21  1
134.22  1
134.23  1
134.24  1
134.25  1
134.26  1
134.27  1
134.28  1
134.29  1
134.3  1
134.31  1
134.32  1
134.33  1
134.34  1
134.35  1
134.36  1
134.37  1
134.38  1
134.39  1
134.4  1
134.41  1
134.42  1
134.43  1
134.44  1
134.45  1
134.46  1
134.47  1
134.48  1
134.49  1
134.5  1
134.51  1
134.52  1
134.53  1
134.54  1
134.55  1
134.56  1
134.57  1
134.58  1
134.59  1
134.6  1
134.61  1
134.62  1
134.63  1
134.64  1
134.65  1
134.66  1
134.67  1
134.68  1
134.69  1
134.7  1
134.71  1
134.72  1
134.73  1
134.74  1
134.75  1
134.76  1
134.77  1
134.78  1
134.79  1
134.8  1
134.81  1
134.82  1
134.83  1
134.84  1
134.85  1
134.86  1
134.87  1
134.88  1
134.89  1
134.9  1
134.91  1
134.92  1
134.93  1
134.94  1
134.95  1
134.96  1
134.97  1
134.98  1
134.99  1
135.0  1
135.01  1
135.02  1
135.03  1
135.04  1
135.05  1
135.06  1
135.07  1
135.08  1
135.09  1
135.1  1
135.11  1
135.12  1
135.13  1
135.14  1
135.15  1
135.16  1
135.17  1
135.18  1
135.19  1
135.2  1
135.21  1
135.22  1
135.23  1
135.24  1
135.25  1
135.26  1
135.27  1
135.28  1
135.29  1
135.3  1
135.31  1
135.32  1
135.33  1
135.34  1
135.35  1
135.36  1
135.37  1
135.38  1
135.39  1
135.4  1
135.41  1
135.42  1
135.43  1
135.44  1
135.45  1
135.46  1
135.47  1
135.48  1
135.49  1
135.5  1
135.51  1
135.52  1
135.53  1
135.54  1
135.55  1
135.56  1
135.57  1
135.58  1
135.59  1
135.6  1
135.61  1
135.62  1
135.63  1
135.64  1
135.65  1
135.66  1
135.67  1
135.68  1
135.69  1
135.7  1
135.71  1
135.72  1
135.73  1
135.74  1
135.75  1
135.76  1
135.77  1
135.78  1
135.79  1
135.8  1
135.81  1
135.82  1
135.83  1
135.84  1
135.85  1
135.86  1
135.87  1
135.88  1
135.89  1
135.9  1
135.91  1
135.92  1
135.93  1
135.94  1
135.95  1
135.96  1
135.97  1
135.98  1
135.99  1
136.0  1
136.01  1
136.02  1
136.03  1
136.04  1
136.05  1
136.06  1
136.07  1
136.08  1
136.09  1
136.1  1
136.11  1
136.12  1
136.13  1
136.14  1
136.15  1
136.16  1
136.17  1
136.18  1
136.19  1
136.2  1
136.21  1
136.22  1
136.23  1
136.24  1
136.25  1
136.26  1
136.27  1
136.28  1
136.29  1
136.3  1
136.31  1
136.32  1
136.33  1
136.34  1
136.35  1
136.36  1
136.37  1
136.38  1
136.39  1
136.4  1
136.41  1
136.42  1
137.05  1
137.06  1
137.07  1
137.08  1
137.09  1
137.1  1
137.11  1
137.12  1
137.13  1
137.14  1
137.15  1
137.16  1
137.17  1
137.18  1
137.19  1
137.2  1
137.21  1
137.22  1
137.23  1
137.24  1
137.25  1
137.26  1
137.27  1
137.28  1
137.29  1
137.3  1
137.31  1
137.32  1
137.33  1
137.34  1
137.35  1
137.36  1
137.37  1
137.38  1
137.39  1
137.4  1
137.41  1
137.42  1
137.43  1
137.44  1
137.45  1
137.46  1
137.47  1
137.48  1
137.49  1
137.5  1
137.51  1
137.52  1
137.53  1
137.54  1
137.55  1
137.56  1
137.57  1
137.58  1
137.59  1
137.6  1
137.61  1
137.62  1
137.63  1
137.64  1
137.65  1
137.66  1
137.67  1
137.68  1
137.69  1
137.7  1
137.71  1
137.72  1
137.73  1
137.74  1
137.75  1
137.76  1
137.77  1
137.78  1
137.79  1
137.8  1
137.81  1
137.82  1
137.83  1
137.89  1
137.9  1
137.91  1
137.92  1
137.94  1
137.95  1
137.96  1
137.97  1
137.98  1
137.99  1
138.0  1
138.01  1
138.02  1
138.03  1
138.04  1
138.05  1
138.06  1
138.07  1
138.08  1
138.09  1
138.1  1
138.11  1
138.12  1
138.13  1
138.14  1
138.15  1
138.16  1
138.17  1
138.18  1
138.19  1
138.2  1
138.21  1
138.22  1
138.23  1
138.24  1
138.25  1
138.26  1
138.27  1
138.28  1
138.29  1
138.3  1
138.31  1
138.32  1
138.33  1
138.34  1
138.35  1
138.36  1
138.37  1
138.38  1
138.39  1
138.4  1
138.41  1
138.42  1
138.43  1
138.44  1
138.45  1
138.46  1
138.47  1
138.48  1
138.49  1
138.5  1
138.51  1
138.52  1
138.53  1
138.54  1
138.55  1
138.56  1
138.57  1
138.58  1
138.59  1
138.6  1
138.61  1
138.62  1
138.63  1
138.64  1
138.65  1
138.66  1
138.67  1
138.68  1
138.69  1
138.7  1
138.71  1
138.72  1
138.73  1
138.74  1
138.75  1
138.76  1
138.77  1
138.78  1
138.79  1
138.8  1
138.81  1
138.82  1
138.83  1
138.84  1
138.85  1
138.86  1
138.87  1
138.88  1
138.89  1
138.9  1
138.91  1
138.92  1
138.93  1
138.94  1
138.95  1
138.96  1
138.97  1
138.98  1
138.99  1
139.0  1
139.01  1
139.02  1
139.03  1
139.04  1
139.05  1
139.06  1
139.07  1
139.08  1
139.09  1
139.1  1
139.11  1
139.12  1
139.13  1
139.14  1
139.15  1
139.16  1
139.17  1
139.18  1
139.19  1
139.2  1
139.21  1
139.22  1
139.23  1
139.24  1
139.25  1
139.26  1
139.27  1
139.28  1
139.29  1
139.3  1
139.31  1
139.32  1
139.33  1
139.34  1
139.35  1
139.36  1
139.37  1
139.38  1
139.39  1
139.4  1
139.41  1
139.42  1
139.43  1
139.44  1
139.45  1
139.46  1
139.47  1
139.48  1
139.49  1
139.5  1
139.51  1
139.52  1
139.53  1
139.54  1
139.55  1
139.56  1
139.57  1
139.58  1
139.59  1
139.6  1
139.61  1
139.62  1
139.63  1
139.64  1
139.65  1
139.66  1
139.67  1
139.68  1
139.69  1
139.7  1
139.71  1
139.72  1
139.73  1
139.74  1
139.75  1
139.76  1
139.77  1
139.78  1
139.79  1
139.8  1
139.81  1
139.82  1
139.83  1
139.84  1
139.85  1
139.86  1
139.87  1
139.88  1
139.89  1
139.9  1
139.91  1
139.92  1
139.93  1
139.94  1
139.95  1
139.96  1
139.97  1
139.98  1
139.99  1
140.0  1
140.01  1
140.02  1
140.03  1
140.04  1
140.05  1
140.06  1
140.07  1
140.08  1
140.09  1
140.1  1
140.11  1
140.12  1
140.13  1
140.14  1
140.15  1
140.16  1
140.17  1
140.18  1
140.19  1
140.2  1
140.21  1
140.22  1
140.23  1
140.24  1
140.25  1
140.26  1
140.27  1
140.28  1
140.29  1
140.3  1
140.31  1
140.32  1
140.33  1
140.34  1
140.35  1
140.36  1
140.37  1
140.38  1
140.39  1
140.4  1
140.41  1
140.42  1
140.43  1
140.44  1
140.45  1
140.46  1
140.47  1
140.48  1
140.49  1
140.5  1
140.51  1
140.52  1
140.53  1
140.54  1
140.55  1
140.56  1
140.57  1
140.58  1
140.59  1
140.6  1
140.61  1
140.62  1
140.63  1
140.64  1
140.65  1
140.66  1
140.67  1
140.68  1
140.69  1
140.7  1
140.71  1
140.72  1
140.73  1
140.74  1
140.75  1
140.76  1
140.77  1
140.78  1
140.79  1
140.8  1
140.81  1
140.82  1
140.83  1
140.84  1
140.85  1
140.86  1
140.87  1
140.88  1
140.89  1
140.9  1
140.91  1
140.92  1
140.93  1
140.94  1
140.95  1
140.96  1
140.97  1
140.98  1
140.99  1
141.0  1
141.01  1
141.02  1
141.03  1
141.04  1
141.05  1
141.06  1
141.07  1
141.08  1
141.09  1
141.1  1
141.11  1
141.12  1
141.13  1
141.14  1
141.15  1
141.16  1
141.17  1
141.18  1
141.19  1
141.2  1
141.21  1
141.22  1
141.23  1
141.24  1
141.25  1
141.26  1
141.27  1
141.28  1
141.29  1
141.3  1
141.31  1
141.32  1
141.33  1
141.34  1
141.35  1
141.36  1
141.37  1
141.38  1
141.39  1
141.4  1
141.41  1
141.42  1
141.43  1
141.44  1
141.45  1
141.46  1
141.47  1
141.48  1
141.49  1
141.5  1
141.51  1
141.52  1
141.53  1
141.54  1
141.55  1
141.56  1
141.57  1
141.58  1
141.59  1
142.43  1
142.44  1
142.45  1
142.46  1
142.47  1
142.48  1
142.49  1
142.5  1
142.51  1
142.52  1
142.53  1
142.54  1
142.55  1
142.56  1
142.57  1
142.58  1
142.59  1
142.6  1
142.61  1
142.62  1
142.63  1
142.64  1
142.65  1
142.66  1
142.67  1
142.68  1
142.69  1
142.7  1
142.71  1
142.72  1
142.73  1
142.74  1
142.75  1
142.76  1
142.77  1
142.78  1
142.79  1
142.8  1
142.81  1
142.82  1
143.63  1
143.64  1
143.65  1
143.66  1
143.67  1
143.68  1
143.69  1
143.7  1
143.71  1
143.72  1
143.73  1
143.74  1
143.75  1
143.76  1
143.77  1
143.78  1
143.79  1
143.8  1
143.81  1
143.82  1
143.83  1
143.84  1
143.85  1
143.86  1
143.87  1
143.88  1
143.89  1
143.9  1
143.91  1
143.92  1
143.93  1
143.94  1
143.95  1
143.96  1
143.97  1
143.98  1
143.99  1
144.0  1
144.01  1
144.02  1
144.8  1
144.81  1
144.82  1
144.83  1
144.84  1
144.85  1
144.86  1
144.87  1
144.88  1
144.89  1
144.9  1
144.91  1
144.92  1
144.93  1
144.94  1
144.95  1
144.96  1
144.97  1
144.98  1
144.99  1
145.0  1
145.01  1
145.02  1
145.03  1
145.04  1
145.05  1
145.06  1
145.07  1
145.08  1
145.09  1
145.1  1
145.11  1
145.12  1
145.13  1
145.14  1
145.15  1
145.16  1
145.17  1
145.18  1
145.19  1
145.2  1
145.21  1
145.22  1
145.23  1
145.24  1
145.25  1
145.26  1
145.27  1
146.08  1
146.09  1
146.1  1
146.11  1
146.12  1
146.13  1
146.14  1
146.15  1
146.16  1
146.17  1
146.18  1
146.19  1
146.2  1
146.21  1
146.22  1
146.23  1
146.24  1
146.25  1
146.26  1
146.27  1
146.28  1
146.29  1
146.3  1
146.31  1
146.32  1
146.33  1
146.34  1
146.35  1
146.36  1
146.37  1
146.38  1
146.39  1
146.4  1
146.41  1
146.42  1
146.43  1
146.44  1
147.27  1
147.28  1
147.29  1
147.3  1
147.31  1
147.32  1
147.33  1
147.34  1
147.35  1
147.36  1
147.37  1
147.38  1
147.39  1
147.4  1
147.41  1
147.42  1
147.43  1
147.44  1
147.45  1
147.46  1
147.47  1
147.48  1
147.49  1
147.5  1
147.51  1
147.52  1
147.53  1
147.54  1
147.55  1
147.56  1
147.57  1
147.58  1
147.59  1
147.6  1
147.61  1
147.62  1
147.63  1
147.64  1
147.65  1
147.66  1
147.67  1
147.68  1
147.69  1
147.7  1
147.71  1
147.72  1
148.55  1
148.56  1
148.57  1
148.58  1
148.59  1
148.6  1
148.61  1
148.62  1
148.63  1
148.64  1
148.65  1
148.66  1
148.67  1
148.68  1
148.69  1
148.7  1
148.71  1
148.72  1
148.73  1
148.74  1
148.75  1
148.76  1
148.77  1
148.78  1
148.79  1
148.8  1
148.81  1
148.82  1
148.83  1
148.84  1
148.85  1
148.86  1
148.87  1
148.88  1
148.89  1
148.9  1
148.91  1
148.92  1
148.93  1
148.94  1
148.95  1
149.78  1
149.79  1
149.8  1
149.81  1
149.82  1
149.83  1
149.84  1
149.85  1
149.86  1
149.87  1
149.88  1
149.89  1
149.9  1
149.91  1
149.92  1
149.93  1
149.94  1
149.95  1
149.96  1
149.97  1
149.98  1
149.99  1
150.0  1
150.01  1
150.02  1
150.03  1
150.04  1
150.05  1
150.06  1
150.07  1
150.08  1
150.09  1
150.1  1
150.11  1
150.12  1
150.13  1
150.96  1
150.97  1
150.98  1
150.99  1
151.0  1
151.01  1
151.02  1
151.03  1
151.04  1
151.05  1
151.06  1
151.07  1
151.08  1
151.09  1
151.1  1
151.11  1
151.12  1
151.13  1
151.14  1
151.15  1
151.16  1
151.17  1
151.18  1
151.19  1
151.2  1
151.21  1
151.22  1
151.23  1
151.24  1
151.25  1
151.26  1
151.27  1
152.09  1
152.1  1
152.11  1
152.12  1
152.13  1
152.14  1
152.15  1
152.16  1
152.17  1
152.18  1
152.19  1
152.2  1
152.21  1
152.22  1
152.23  1
152.24  1
152.25  1
152.26  1
152.27  1
152.28  1
152.29  1
152.3  1
152.31  1
152.32  1
152.33  1
152.34  1
152.35  1
152.36  1
152.37  1
152.38  1
152.39  1
152.4  1
152.41  1
152.42  1
152.43  1
152.44  1
152.45  1
152.46  1
152.47  1
152.48  1
153.28  1
153.29  1
153.3  1
153.31  1
153.32  1
153.33  1
153.34  1
153.35  1
153.36  1
153.37  1
153.38  1
153.39  1
153.4  1
153.41  1
153.42  1
153.43  1
153.44  1
153.45  1
153.46  1
153.47  1
153.48  1
153.49  1
153.5  1
153.51  1
153.52  1
153.53  1
153.54  1
153.55  1
153.56  1
153.57  1
153.58  1
153.59  1
153.6  1
153.61  1
153.62  1
153.63  1
153.64  1
153.65  1
153.66  1
153.67  1
153.68  1
153.69  1
153.7  1
153.71  1
153.72  1
153.73  1
153.74  1
153.75  1
153.76  1
153.77  1
153.78  1
153.79  1
153.8  1
153.81  1
153.82  1
154.52  1
154.53  1
154.54  1
154.55  1
154.56  1
154.57  1
154.58  1
154.59  1
154.6  1
154.61  1
154.62  1
154.63  1
154.64  1
154.65  1
154.66  1
154.67  1
154.68  1
154.69  1
154.7  1
154.71  1
154.72  1
154.73  1
154.74  1
154.75  1
154.76  1
154.77  1
154.78  1
154.79  1
154.8  1
154.81  1
154.82  1
154.83  1
154.84  1
154.85  1
154.86  1
154.87  1
154.88  1
154.89  1
154.9  1
154.91  1
154.92  1
155.75  1
155.76  1
155.77  1
155.78  1
155.79  1
155.8  1
155.81  1
155.82  1
155.83  1
155.84  1
155.85  1
155.86  1
155.87  1
155.88  1
155.89  1
155.9  1
155.91  1
155.92  1
155.93  1
155.94  1
155.95  1
155.96  1
155.97  1
155.98  1
155.99  1
156.0  1
156.01  1
156.02  1
156.03  1
156.04  1
156.05  1
156.06  1
156.07  1
156.08  1
156.09  1
156.1  1
156.11  1
157.19  1
157.2  1
157.21  1
157.22  1
157.23  1
157.24  1
157.25  1
157.26  1
157.27  1
157.28  1
157.29  1
157.3  1
157.31  1
157.32  1
157.33  1
157.34  1
157.35  1
157.36  1
157.37  1
157.38  1
157.39  1
157.4  1
157.41  1
157.42  1
157.43  1
157.44  1
157.45  1
157.46  1
157.47  1
157.48  1
157.49  1
157.5  1
157.51  1
157.52  1
157.53  1
157.54  1
157.55  1
157.56  1
157.57  1
157.58  1
157.59  1
157.6  1
157.61  1
157.62  1
157.63  1
157.64  1
157.65  1
158.5  1
158.51  1
158.52  1
158.53  1
158.54  1
158.55  1
158.56  1
158.57  1
158.58  1
158.59  1
158.6  1
158.61  1
158.62  1
158.63  1
158.64  1
158.65  1
158.66  1
158.67  1
158.68  1
158.69  1
158.7  1
158.71  1
158.72  1
158.73  1
158.74  1
158.75  1
158.76  1
158.77  1
158.78  1
158.79  1
158.8  1
158.81  1
158.82  1
158.83  1
158.84  1
158.85  1
159.65  1
159.66  1
159.67  1
159.68  1
159.69  1
159.7  1
159.71  1
159.72  1
159.73  1
159.74  1
159.75  1
159.76  1
159.77  1
159.78  1
159.79  1
159.8  1
159.81  1
159.82  1
159.83  1
159.84  1
159.85  1
159.86  1
159.87  1
159.88  1
159.89  1
159.9  1
159.91  1
159.92  1
159.93  1
159.94  1
159.95  1
159.96  1
159.97  1
159.98  1
159.99  1
160.0  1
160.01  1
160.85  1
160.86  1
160.87  1
160.88  1
160.89  1
160.9  1
160.91  1
160.92  1
160.93  1
160.94  1
160.95  1
160.96  1
160.97  1
160.98  1
160.99  1
161.0  1
161.01  1
161.02  1
161.03  1
161.04  1
161.05  1
161.06  1
161.07  1
161.08  1
161.09  1
161.1  1
161.11  1
161.12  1
161.13  1
161.14  1
161.15  1
161.16  1
161.17  1
161.18  1
161.19  1
161.2  1
161.21  1
161.22  1
161.23  1
162.03  1
162.04  1
162.05  1
162.06  1
162.07  1
162.08  1
162.09  1
162.1  1
162.11  1
162.12  1
162.13  1
162.14  1
162.15  1
162.16  1
162.17  1
162.18  1
162.19  1
162.2  1
162.21  1
162.22  1
162.23  1
162.24  1
162.25  1
162.26  1
162.27  1
162.28  1
162.29  1
162.3  1
162.31  1
162.32  1
162.33  1
162.34  1
162.35  1
162.36  1
162.37  1
162.38  1
162.39  1
162.4  1
162.41  1
162.42  1
162.43  1
162.44  1
162.45  1
162.46  1
162.47  1
162.48  1
162.49  1
162.5  1
162.51  1
162.52  1
163.33  1
163.34  1
163.35  1
163.36  1
163.37  1
163.38  1
163.39  1
163.4  1
163.41  1
163.42  1
163.43  1
163.44  1
163.45  1
163.46  1
163.47  1
163.48  1
163.49  1
163.5  1
163.51  1
163.52  1
163.53  1
163.54  1
163.55  1
163.56  1
163.57  1
163.58  1
163.59  1
163.6  1
163.61  1
163.62  1
163.63  1
163.64  1
163.65  1
163.66  1
163.67  1
163.68  1
163.69  1
163.7  1
163.71  1
163.72  1
163.73  1
164.51  1
164.52  1
164.53  1
164.54  1
164.55  1
164.56  1
164.57  1
164.58  1
164.59  1
164.6  1
164.61  1
164.62  1
164.63  1
164.64  1
164.65  1
164.66  1
164.67  1
164.68  1
164.69  1
164.7  1
164.71  1
164.72  1
164.73  1
164.74  1
164.75  1
164.76  1
164.77  1
164.78  1
164.79  1
164.8  1
164.81  1
164.82  1
164.83  1
164.84  1
164.85  1
164.86  1
164.87  1
164.88  1
164.89  1
164.9  1
164.91  1
164.92  1
164.93  1
165.77  1
165.78  1
165.79  1
165.8  1
165.81  1
165.82  1
165.83  1
165.84  1
165.85  1
165.86  1
165.87  1
165.88  1
165.89  1
165.9  1
165.91  1
165.92  1
165.93  1
165.94  1
165.95  1
165.96  1
165.97  1
165.98  1
165.99  1
166.0  1
166.01  1
166.02  1
166.03  1
166.04  1
166.05  1
166.06  1
166.07  1
166.08  1
166.09  1
166.1  1
166.11  1
166.12  1
166.13  1
166.14  1
166.15  1
166.16  1
166.17  1
166.18  1
166.19  1
166.2  1
166.21  1
166.22  1
166.23  1
166.24  1
166.25  1
166.26  1
166.27  1
166.28  1
166.29  1
167.12  1
167.13  1
167.14  1
167.15  1
167.16  1
167.17  1
167.18  1
167.19  1
167.2  1
167.21  1
167.22  1
167.23  1
167.24  1
167.25  1
167.26  1
167.27  1
167.28  1
167.29  1
167.3  1
167.31  1
167.32  1
167.33  1
167.34  1
167.35  1
167.36  1
167.37  1
167.38  1
167.39  1
167.4  1
167.41  1
167.42  1
167.43  1
167.44  1
167.45  1
167.46  1
167.47  1
167.48  1
167.49  1
167.5  1
167.51  1
167.52  1
167.53  1
167.54  1
167.55  1
167.56  1
168.29  1
168.3  1
168.31  1
168.32  1
168.33  1
168.34  1
168.35  1
168.36  1
168.37  1
168.38  1
168.39  1
168.4  1
168.41  1
168.42  1
168.43  1
168.44  1
168.45  1
168.46  1
168.47  1
168.48  1
168.49  1
168.5  1
168.51  1
168.52  1
168.53  1
168.54  1
168.55  1
168.56  1
168.57  1
168.58  1
168.59  1
168.6  1
168.61  1
168.62  1
168.63  1
168.64  1
168.65  1
168.66  1
168.67  1
168.68  1
168.69  1
168.7  1
168.71  1
168.72  1
168.73  1
168.74  1
168.75  1
168.76  1
168.77  1
168.78  1
168.79  1
168.8  1
168.81  1
168.82  1
168.83  1
168.84  1
169.56  1
169.57  1
169.58  1
169.59  1
169.6  1
169.61  1
169.62  1
169.63  1
169.64  1
169.65  1
169.66  1
169.67  1
169.68  1
169.69  1
169.7  1
169.71  1
169.72  1
169.73  1
169.74  1
169.75  1
169.76  1
169.77  1
169.78  1
169.79  1
169.8  1
169.81  1
169.82  1
169.83  1
169.84  1
169.85  1
169.86  1
169.87  1
169.88  1
169.89  1
169.9  1
169.91  1
169.92  1
169.93  1
169.94  1
169.95  1
169.96  1
169.97  1
169.98  1
169.99  1
170.0  1
170.01  1
170.02  1
170.03  1
170.04  1
170.05  1
170.06  1
170.07  1
170.08  1
170.09  1
170.1  1
170.86  1
170.87  1
170.88  1
170.89  1
170.9  1
170.91  1
170.92  1
170.93  1
170.94  1
170.95  1
170.96  1
170.97  1
170.98  1
170.99  1
171.0  1
171.01  1
171.02  1
171.03  1
171.04  1
171.05  1
171.06  1
171.07  1
171.08  1
171.09  1
171.1  1
171.11  1
171.12  1
171.13  1
171.14  1
171.15  1
171.16  1
171.17  1
171.18  1
171.19  1
171.2  1
171.21  1
171.22  1
171.23  1
171.24  1
171.25  1
171.26  1
171.27  1
171.28  1
171.29  1
171.3  1
171.31  1
171.32  1
171.33  1
171.34  1
171.35  1
171.36  1
171.37  1
171.38  1
171.39  1
171.4  1
171.41  1
171.42  1
171.43  1
171.44  1
171.45  1
171.46  1
171.47  1
171.48  1
171.49  1
171.5  1
171.51  1
171.61  1
171.62  1
171.67  1
171.68  1
171.69  1
171.7  1
171.71  1
171.72  1
171.73  1
171.74  1
171.75  1
171.76  1
171.77  1
171.78  1
171.79  1
171.8  1
171.81  1
171.82  1
171.83  1
171.84  1
171.85  1
171.86  1
171.87  1
171.88  1
171.89  1
171.9  1
171.91  1
171.92  1
171.93  1
171.94  1
171.95  1
171.96  1
171.97  1
171.98  1
171.99  1
172.0  1
172.01  1
172.02  1
172.03  1
172.04  1
172.05  1
172.06  1
172.07  1
172.08  1
172.09  1
172.1  1
172.11  1
172.12  1
172.13  1
172.14  1
172.15  1
172.16  1
172.17  1
172.18  1
172.19  1
172.2  1
172.21  1
172.22  1
172.23  1
172.24  1
172.25  1
172.26  1
172.27  1
172.28  1
172.29  1
172.3  1
172.31  1
172.32  1
172.33  1
172.34  1
172.35  1
172.36  1
172.37  1
172.38  1
172.39  1
172.4  1
172.41  1
172.42  1
172.43  1
172.44  1
172.45  1
172.46  1
172.47  1
172.48  1
172.49  1
172.5  1
172.51  1
172.52  1
172.53  1
172.54  1
172.55  1
172.56  1
172.57  1
172.58  1
172.59  1
172.6  1
172.61  1
172.62  1
172.63  1
172.64  1
172.65  1
172.66  1
172.67  1
172.68  1
172.69  1
172.7  1
172.71  1
172.72  1
172.73  1
172.74  1
172.75  1
172.76  1
172.77  1
172.78  1
172.79  1
172.8  1
172.81  1
172.82  1
172.83  1
172.84  1
172.85  1
172.86  1
172.87  1
172.88  1
172.89  1
172.9  1
172.91  1
172.92  1
172.93  1
172.94  1
172.95  1
172.96  1
173.6  1
173.61  1
173.62  1
173.63  1
173.64  1
173.65  1
173.66  1
173.67  1
173.68  1
173.69  1
173.7  1
173.71  1
173.72  1
173.73  1
173.74  1
173.75  1
173.76  1
173.77  1
173.78  1
173.79  1
173.8  1
173.81  1
173.82  1
173.83  1
173.84  1
173.85  1
173.86  1
173.87  1
173.88  1
173.89  1
173.9  1
173.91  1
173.92  1
173.93  1
173.94  1
173.95  1
173.96  1
173.97  1
173.98  1
173.99  1
174.0  1
174.01  1
174.02  1
174.03  1
174.04  1
174.05  1
174.06  1
174.07  1
174.08  1
174.09  1
174.1  1
174.11  1
174.12  1
174.13  1
174.14  1
174.15  1
174.16  1
174.17  1
174.18  1
174.19  1
174.2  1
174.21  1
174.22  1
174.23  1
174.24  1
174.25  1
174.26  1
174.27  1
174.28  1
174.29  1
174.3  1
174.31  1
174.32  1
174.33  1
174.34  1
174.35  1
174.36  1
174.37  1
174.38  1
174.39  1
174.4  1
174.41  1
174.42  1
174.43  1
174.44  1
174.45  1
174.46  1
174.47  1
174.48  1
174.49  1
174.5  1
174.51  1
174.52  1
174.53  1
174.54  1
174.55  1
174.56  1
174.57  1
174.58  1
174.59  1
174.6  1
174.61  1
174.62  1
174.63  1
174.64  1
174.65  1
174.66  1
174.67  1
174.68  1
174.69  1
174.7  1
174.71  1
174.72  1
174.73  1
174.74  1
174.75  1
174.76  1
174.77  1
174.78  1
174.79  1
174.8  1
174.81  1
174.82  1
174.83  1
174.84  1
174.85  1
174.86  1
174.87  1
174.88  1
174.89  1
174.9  1
174.91  1
174.92  1
174.93  1
174.94  1
174.95  1
174.96  1
174.97  1
174.98  1
174.99  1
175.0  1
175.01  1
175.02  1
175.03  1
175.04  1
175.05  1
175.06  1
175.07  1
175.08  1
175.09  1
175.1  1
175.11  1
175.12  1
175.13  1
175.14  1
175.15  1
175.16  1
175.17  1
175.18  1
175.19  1
175.2  1
175.21  1
175.22  1
175.23  1
175.24  1
175.25  1
175.26  1
175.27  1
175.28  1
175.29  1
175.3  1
175.31  1
175.32  1
175.33  1
175.34  1
175.35  1
175.36  1
175.37  1
175.38  1
175.39  1
175.4  1
175.41  1
175.42  1
175.43  1
175.44  1
175.45  1
175.46  1
175.47  1
175.48  1
175.49  1
175.5  1
175.51  1
175.52  1
175.53  1
175.54  1
175.55  1
175.56  1
175.57  1
175.58  1
175.59  1
175.6  1
175.61  1
175.62  1
175.63  1
175.64  1
175.65  1
175.66  1
175.67  1
175.68  1
175.69  1
175.7  1
175.71  1
175.72  1
175.73  1
175.74  1
175.75  1
175.76  1
175.77  1
175.78  1
175.79  1
175.8  1
175.81  1
175.82  1
175.83  1
175.84  1
175.85  1
175.86  1
175.87  1
175.88  1
175.89  1
175.9  1
175.91  1
175.92  1
175.93  1
175.94  1
175.95  1
175.96  1
175.97  1
175.98  1
175.99  1
176.0  1
176.01  1
176.02  1
176.03  1
176.04  1
176.05  1
176.06  1
176.07  1
176.08  1
176.09  1
176.1  1
176.11  1
176.12  1
176.13  1
176.14  1
176.15  1
176.16  1
176.17  1
176.18  1
176.19  1
176.2  1
176.21  1
176.22  1
176.23  1
176.24  1
176.25  1
176.26  1
176.27  1
176.28  1
176.29  1
176.3  1
176.31  1
176.32  1
176.33  1
176.34  1
176.35  1
176.36  1
176.37  1
176.38  1
176.39  1
176.4  1
176.41  1
176.42  1
176.43  1
176.44  1
176.45  1
176.46  1
176.47  1
176.48  1
176.49  1
176.5  1
176.51  1
176.52  1
176.53  1
176.54  1
176.55  1
176.56  1
176.57  1
176.58  1
176.59  1
176.6  1
176.61  1
176.62  1
176.63  1
176.64  1
176.65  1
176.66  1
176.67  1
176.68  1
176.69  1
176.7  1
176.71  1
176.72  1
176.73  1
176.74  1
176.75  1
176.76  1
176.77  1
176.78  1
176.79  1
176.8  1
176.81  1
176.82  1
176.83  1
176.84  1
176.85  1
176.86  1
176.87  1
176.88  1
176.89  1
176.9  1
176.91  1
176.92  1
176.93  1
176.94  1
176.95  1
176.96  1
176.97  1
176.98  1
176.99  1
177.0  1
177.01  1
177.02  1
177.03  1
177.04  1
177.05  1
177.06  1
177.07  1
177.08  1
177.09  1
177.1  1
177.11  1
177.12  1
177.13  1
177.14  1
177.15  1
177.16  1
177.17  1
177.18  1
177.19  1
177.2  1
177.21  1
177.22  1
177.23  1
177.24  1
177.25  1
177.26  1
177.27  1
177.28  1
177.29  1
177.3  1
177.31  1
177.32  1
177.33  1
177.34  1
177.35  1
177.36  1
177.37  1
177.38  1
177.39  1
177.4  1
177.41  1
177.42  1
177.43  1
177.44  1
177.45  1
177.46  1
177.47  1
177.48  1
177.49  1
177.5  1
177.51  1
177.52  1
177.53  1
177.54  1
177.55  1
177.56  1
177.57  1
177.58  1
177.59  1
177.6  1
177.61  1
177.62  1
177.63  1
177.64  1
177.65  1
177.66  1
177.67  1
177.68  1
177.69  1
177.7  1
177.71  1
177.72  1
177.73  1
177.74  1
177.75  1
177.76  1
177.77  1
177.78  1
177.79  1
177.8  1
177.81  1
177.82  1
177.83  1
177.84  1
177.85  1
177.86  1
177.87  1
177.88  1
177.89  1
177.9  1
177.91  1
177.92  1
177.93  1
177.94  1
177.95  1
177.96  1
177.97  1
177.98  1
177.99  1
178.0  1
178.01  1
178.02  1
178.03  1
178.04  1
178.05  1
178.06  1
178.07  1
178.08  1
178.09  1
178.1  1
178.11  1
178.12  1
178.13  1
178.14  1
178.15  1
178.16  1
178.17  1
178.18  1
178.19  1
178.2  1
178.21  1
178.22  1
178.23  1
178.24  1
178.25  1
178.26  1
178.27  1
178.28  1
178.29  1
178.3  1
178.31  1
178.32  1
178.33  1
178.34  1
178.35  1
178.36  1
178.37  1
178.38  1
178.39  1
178.4  1
178.41  1
178.42  1
178.43  1
178.44  1
178.45  1
178.46  1
178.47  1
178.48  1
178.49  1
178.5  1
178.51  1
178.52  1
178.53  1
178.54  1
178.55  1
178.56  1
178.57  1
178.58  1
178.59  1
178.6  1
178.61  1
178.62  1
178.63  1
178.64  1
178.65  1
178.66  1
178.67  1
178.68  1
178.69  1
178.7  1
178.71  1
178.72  1
178.73  1
178.74  1
178.75  1
178.76  1
178.77  1
178.78  1
178.79  1
178.8  1
178.81  1
178.82  1
178.83  1
178.84  1
178.85  1
178.86  1
178.87  1
178.88  1
178.89  1
178.9  1
178.91  1
178.92  1
178.93  1
178.94  1
178.95  1
178.96  1
178.97  1
178.98  1
178.99  1
179.0  1
179.01  1
179.02  1
179.03  1
179.04  1
179.05  1
179.06  1
179.07  1
179.08  1
179.09  1
179.1  1
179.11  1
179.12  1
179.13  1
179.14  1
179.15  1
179.16  1
179.17  1
179.18  1
179.19  1
179.2  1
179.21  1
179.22  1
179.23  1
179.24  1
179.25  1
179.26  1
179.27  1
179.28  1
179.29  1
179.3  1
179.31  1
179.32  1
179.33  1
179.34  1
179.35  1
179.36  1
179.37  1
179.38  1
179.39  1
179.4  1
179.41  1
179.42  1
179.43  1
179.44  1
179.45  1
179.46  1
179.47  1
179.48  1
179.49  1
179.5  1
179.51  1
179.52  1
179.53  1
179.54  1
179.55  1
179.56  1
179.57  1
179.58  1
179.59  1
179.6  1
179.61  1
179.62  1
179.63  1
179.64  1
179.65  1
179.66  1
179.67  1
179.68  1
179.69  1
179.7  1
179.71  1
179.72  1
179.73  1
179.74  1
179.75  1
179.76  1
179.77  1
179.78  1
179.79  1
179.8  1
179.81  1
179.82  1
179.83  1
179.84  1
179.85  1
179.86  1
179.87  1
179.88  1
179.89  1
179.9  1
179.91  1
179.92  1
179.93  1
179.94  1
179.95  1
179.96  1
179.97  1
179.98  1
179.99  1
180.0  1
180.01  1
180.02  1
180.03  1
180.04  1
180.05  1
180.06  1
180.07  1
180.08  1
180.09  1
180.1  1
180.11  1
180.12  1
180.13  1
180.14  1
180.15  1
180.16  1
180.17  1
180.18  1
180.19  1
180.2  1
180.21  1
180.22  1
180.23  1
180.24  1
180.25  1
180.26  1
180.27  1
180.28  1
180.29  1
180.3  1
180.31  1
180.32  1
180.33  1
180.34  1
180.35  1
180.36  1
180.37  1
180.38  1
180.39  1
180.4  1
180.41  1
180.42  1
180.43  1
180.44  1
180.45  1
180.46  1
180.47  1
180.48  1
180.49  1
180.5  1
180.51  1
180.52  1
180.53  1
180.54  1
180.55  1
180.56  1
180.57  1
180.58  1
180.59  1
180.6  1
180.61  1
180.62  1
180.63  1
180.64  1
180.65  1
180.66  1
180.67  1
180.68  1
180.69  1
180.7  1
180.71  1
180.72  1
180.73  1
180.74  1
180.75  1
180.76  1
180.77  1
180.78  1
180.79  1
180.8  1
180.81  1
180.82  1
180.83  1
180.84  1
180.85  1
180.86  1
180.87  1
180.88  1
180.89  1
180.9  1
180.91  1
180.92  1
180.93  1
180.94  1
180.95  1
180.96  1
180.97  1
180.98  1
180.99  1
181.0  1
181.01  1
181.02  1
181.03  1
181.04  1
181.05  1
181.06  1
181.07  1
181.08  1
181.09  1
181.1  1
181.11  1
181.12  1
181.13  1
181.14  1
181.15  1
181.16  1
181.17  1
181.18  1
181.19  1
181.2  1
181.21  1
181.22  1
181.23  1
181.24  1
181.25  1
181.26  1
181.27  1
181.28  1
181.29  1
181.3  1
181.31  1
181.32  1
181.33  1
181.34  1
181.35  1
181.36  1
181.37  1
181.38  1
181.39  1
181.4  1
181.41  1
181.42  1
181.43  1
181.44  1
181.45  1
181.46  1
181.47  1
181.48  1
181.49  1
181.5  1
181.51  1
181.52  1
181.53  1
181.54  1
181.55  1
181.56  1
181.57  1
181.58  1
181.59  1
181.6  1
181.61  1
181.62  1
181.63  1
181.64  1
181.65  1
181.66  1
181.67  1
181.68  1
181.69  1
181.7  1
181.71  1
181.72  1
181.73  1
181.74  1
181.75  1
181.76  1
181.77  1
181.78  1
181.79  1
181.8  1
181.81  1
181.82  1
181.83  1
181.84  1
181.85  1
181.86  1
181.87  1
181.88  1
181.89  1
181.9  1
181.91  1
181.92  1
181.93  1
181.94  1
181.95  1
181.96  1
181.97  1
181.98  1
181.99  1
182.0  1
182.01  1
182.02  1
182.03  1
182.04  1
182.05  1
182.06  1
182.07  1
182.08  1
182.09  1
182.1  1
182.11  1
182.12  1
182.13  1
182.14  1
182.15  1
182.16  1
182.17  1
182.18  1
182.19  1
182.2  1
182.21  1
182.22  1
182.23  1
182.24  1
182.25  1
182.26  1
182.27  1
182.28  1
182.29  1
182.3  1
182.31  1
182.32  1
182.33  1
182.34  1
182.35  1
182.36  1
182.37  1
182.38  1
182.39  1
182.4  1
182.41  1
182.42  1
182.43  1
182.44  1
182.45  1
182.46  1
182.47  1
182.48  1
182.49  1
182.5  1
182.51  1
182.52  1
182.53  1
182.54  1
182.55  1
182.56  1
182.57  1
182.58  1
182.59  1
182.6  1
182.61  1
182.62  1
182.63  1
182.64  1
182.65  1
182.66  1
182.67  1
182.68  1
182.69  1
182.7  1
182.71  1
182.72  1
182.73  1
182.74  1
182.75  1
182.76  1
182.77  1
182.78  1
182.79  1
182.8  1
182.81  1
182.82  1
182.83  1
182.84  1
182.85  1
182.86  1
182.87  1
182.88  1
182.89  1
182.9  1
182.91  1
182.92  1
182.93  1
182.94  1
182.95  1
182.96  1
182.97  1
182.98  1
182.99  1
183.0  1
183.01  1
183.02  1
183.03  1
183.04  1
183.05  1
183.06  1
183.07  1
183.08  1
183.09  1
183.1  1
183.11  1
183.12  1
183.13  1
183.14  1
183.15  1
183.16  1
183.17  1
183.18  1
183.19  1
183.2  1
183.21  1
183.22  1
183.23  1
183.24  1
183.25  1
183.26  1
183.27  1
183.28  1
183.29  1
183.3  1
183.31  1
183.32  1
183.33  1
183.34  1
183.35  1
183.36  1
183.37  1
183.38  1
183.39  1
183.4  1
183.41  1
183.42  1
183.43  1
183.44  1
183.45  1
183.46  1
183.47  1
183.48  1
183.49  1
183.5  1
183.51  1
183.52  1
183.53  1
183.54  1
183.55  1
183.56  1
183.57  1
183.58  1
183.59  1
183.6  1
183.61  1
183.62  1
183.63  1
183.64  1
183.65  1
183.66  1
183.67  1
183.68  1
183.69  1
183.7  1
183.71  1
183.72  1
183.73  1
183.74  1
183.75  1
183.76  1
183.77  1
183.78  1
183.79  1
183.8  1
183.81  1
183.82  1
183.83  1
183.84  1
183.85  1
183.86  1
183.87  1
183.88  1
183.89  1
183.9  1
183.91  1
183.92  1
183.93  1
183.94  1
183.95  1
183.96  1
183.97  1
183.98  1
183.99  1
184.0  1
184.01  1
184.02  1
184.03  1
184.04  1
184.05  1
184.06  1
184.07  1
184.08  1
184.09  1
184.1  1
184.11  1
184.12  1
184.13  1
184.14  1
184.15  1
184.16  1
184.17  1
184.18  1
184.19  1
184.2  1
184.21  1
184.22  1
184.23  1
184.24  1
184.25  1
184.26  1
184.27  1
184.28  1
184.29  1
184.3  1
184.31  1
184.32  1
184.33  1
184.34  1
184.35  1
184.36  1
184.37  1
184.38  1
184.39  1
184.4  1
184.41  1
184.42  1
184.43  1
184.44  1
184.45  1
184.46  1
184.47  1
184.48  1
184.49  1
184.5  1
184.51  1
184.52  1
184.53  1
184.54  1
184.55  1
184.56  1
184.57  1
184.58  1
184.59  1
184.6  1
184.61  1
184.62  1
184.63  1
184.64  1
184.65  1
184.66  1
184.67  1
184.68  1
184.69  1
184.7  1
184.71  1
184.72  1
184.73  1
184.74  1
184.75  1
184.76  1
184.77  1
184.78  1
184.79  1
184.8  1
184.81  1
184.82  1
184.83  1
184.84  1
184.85  1
184.86  1
184.87  1
184.88  1
184.89  1
184.9  1
184.91  1
184.92  1
184.93  1
184.94  1
184.95  1
184.96  1
184.97  1
184.98  1
184.99  1
185.0  1
185.01  1
185.02  1
185.03  1
185.04  1
185.05  1
185.06  1
185.07  1
185.08  1
185.09  1
185.1  1
185.11  1
185.12  1
185.13  1
185.14  1
185.15  1
185.16  1
185.17  1
185.18  1
185.19  1
185.2  1
185.21  1
185.22  1
185.23  1
185.24  1
185.25  1
185.26  1
185.27  1
185.28  1
185.29  1
185.3  1
185.31  1
185.32  1
185.33  1
185.34  1
185.35  1
185.36  1
185.37  1
185.38  1
185.39  1
185.4  1
185.41  1
185.42  1
185.43  1
185.44  1
185.45  1
185.46  1
185.47  1
185.48  1
185.49  1
185.5  1
185.51  1
185.52  1
185.53  1
185.54  1
185.55  1
185.56  1
185.57  1
185.58  1
185.59  1
185.6  1
185.61  1
185.62  1
185.63  1
185.64  1
185.65  1
185.66  1
185.67  1
185.68  1
185.69  1
185.7  1
185.71  1
185.72  1
185.73  1
185.74  1
185.75  1
185.76  1
185.77  1
185.78  1
185.79  1
185.8  1
185.81  1
185.82  1
185.83  1
185.84  1
185.85  1
185.86  1
185.87  1
185.88  1
185.89  1
185.9  1
185.91  1
185.92  1
185.93  1
185.94  1
185.95  1
185.96  1
185.97  1
185.98  1
185.99  1
186.0  1
186.01  1
186.02  1
186.03  1
186.04  1
186.05  1
186.06  1
186.07  1
186.08  1
186.09  1
186.1  1
186.11  1
186.12  1
186.13  1
186.14  1
186.15  1
186.16  1
186.17  1
186.18  1
186.19  1
186.2  1
186.21  1
186.22  1
186.23  1
186.24  1
186.25  1
186.26  1
186.27  1
186.28  1
186.29  1
186.3  1
186.31  1
186.32  1
186.33  1
186.34  1
186.35  1
186.36  1
186.37  1
186.38  1
186.39  1
186.4  1
186.41  1
186.42  1
186.43  1
186.44  1
186.45  1
186.46  1
186.47  1
186.48  1
186.49  1
186.5  1
186.51  1
186.52  1
186.53  1
186.54  1
186.55  1
186.56  1
186.57  1
186.58  1
186.59  1
186.6  1
186.61  1
186.62  1
186.63  1
186.64  1
186.65  1
186.66  1
186.67  1
186.68  1
186.69  1
186.7  1
186.71  1
186.72  1
186.73  1
186.74  1
186.75  1
186.76  1
186.77  1
186.78  1
186.79  1
186.8  1
186.81  1
186.82  1
186.83  1
186.84  1
186.85  1
186.86  1
186.87  1
186.88  1
186.89  1
186.9  1
186.91  1
186.92  1
186.93  1
186.94  1
186.95  1
186.96  1
186.97  1
186.98  1
186.99  1
187.0  1
187.01  1
187.02  1
187.03  1
187.04  1
187.05  1
187.06  1
187.07  1
187.08  1
187.09  1
187.1  1
187.11  1
187.12  1
187.13  1
187.14  1
187.15  1
187.16  1
187.17  1
187.18  1
187.19  1
187.2  1
187.21  1
187.22  1
187.23  1
187.24  1
187.25  1
187.26  1
187.27  1
187.28  1
187.29  1
187.3  1
187.31  1
187.32  1
187.33  1
187.34  1
187.35  1
187.36  1
187.37  1
187.38  1
187.39  1
187.4  1
187.41  1
187.42  1
187.43  1
187.44  1
187.45  1
187.46  1
187.47  1
187.48  1
187.49  1
187.5  1
187.51  1
187.52  1
187.53  1
187.54  1
187.55  1
187.56  1
187.57  1
187.58  1
187.59  1
187.6  1
187.61  1
187.62  1
187.63  1
187.64  1
187.65  1
187.66  1
187.67  1
187.68  1
187.69  1
187.7  1
187.71  1
187.72  1
187.73  1
187.74  1
187.75  1
187.76  1
187.77  1
187.78  1
187.79  1
187.8  1
187.81  1
187.82  1
187.83  1
187.84  1
187.85  1
187.86  1
187.87  1
187.88  1
187.89  1
187.9  1
187.91  1
187.92  1
187.93  1
187.94  1
187.95  1
187.96  1
187.97  1
187.98  1
187.99  1
188.0  1
188.01  1
188.02  1
188.03  1
188.04  1
188.05  1
188.06  1
188.07  1
188.08  1
188.09  1
188.1  1
188.11  1
188.12  1
188.13  1
188.14  1
188.15  1
188.16  1
188.17  1
188.18  1
188.19  1
188.2  1
188.21  1
188.22  1
188.23  1
188.24  1
188.25  1
188.26  1
188.27  1
188.28  1
188.29  1
188.3  1
188.31  1
188.32  1
188.33  1
188.34  1
188.35  1
188.36  1
188.37  1
188.38  1
188.39  1
188.4  1
188.41  1
188.42  1
188.43  1
188.44  1
188.45  1
188.46  1
188.47  1
188.48  1
188.49  1
188.5  1
188.51  1
188.52  1
188.53  1
188.54  1
188.55  1
188.56  1
188.57  1
188.58  1
188.59  1
188.6  1
188.61  1
188.62  1
188.63  1
188.64  1
188.65  1
188.66  1
188.67  1
188.68  1
188.69  1
188.7  1
188.71  1
188.72  1
188.73  1
188.74  1
188.75  1
188.76  1
188.77  1
188.78  1
188.79  1
188.8  1
188.81  1
188.82  1
188.83  1
188.84  1
188.85  1
188.86  1
188.87  1
188.88  1
188.89  1
188.9  1
188.91  1
188.92  1
188.93  1
188.94  1
188.95  1
188.96  1
188.97  1
188.98  1
188.99  1
189.0  1
189.01  1
189.02  1
189.03  1
189.04  1
189.05  1
189.06  1
189.07  1
189.08  1
189.09  1
189.1  1
189.11  1
189.12  1
189.13  1
189.14  1
189.15  1
189.16  1
