#Raw shoe 1 data: timestamp ignore x y z angle 1 angle 2 angle 3
 123630 123630 0.0 0.0 0.0 -0.867878135252569 0.49677715562465596 1.0
 123830 123830 -3.837275296413816E-6 -1.1288306861726471E-7 -1.2400735543091736E-5 -0.8676825865273328 0.49711862672528945 1.0
 124030 124030 -9.444821574986749E-7 3.0663157214807584E-7 -2.346417728902473E-5 -0.8673744269632054 0.4976561096281758 1.0
 124230 124230 1.3034103817617297E-6 3.043226898238461E-6 -2.942089901136158E-5 -0.8680591988515488 0.4964607006493136 1.0
 124430 124430 -1.0232959441847812E-6 7.281921694785237E-6 -3.453981568048651E-5 -0.867472880125789 0.497484474377109 1.0
 124640 124640 3.729143869740036E-6 5.725591506900063E-6 -3.50034543115101E-5 -0.8672098591236507 0.49794282828326575 1.0
 124840 124840 2.7490319618784712E-5 2.3852039201569516E-5 -5.938250659734805E-5 -0.8661579406099066 0.4997703691880958 1.0
 125040 125040 3.069709212307821E-5 1.739903272006204E-5 -5.27130972335093E-5 -0.8662768296201497 0.49956426459792136 1.0
 125250 125250 2.2312711054336026E-5 3.16550470058806E-5 -7.807010483805698E-5 -0.8666990092816597 0.49883146182873195 1.0
 125450 125450 1.5234188167023282E-5 3.77900193041931E-5 -8.905667148081852E-5 -0.8668044320493746 0.4986482493497406 1.0
 125650 125650 1.8414267476063356E-5 3.5653253450731755E-5 -9.97616908833911E-5 -0.8667957088770509 0.4986634126064702 1.0
 125860 125860 1.7688293689295286E-5 3.866048393022667E-5 -1.1108447345652005E-4 -0.8666707866399543 0.4988804942918522 1.0
 126060 126060 2.365027505428329E-5 4.8783092829691786E-5 -1.1437181184640752E-4 -0.8668910326444168 0.49849768055698784 1.0
 126260 126260 4.416573966256181E-5 6.054739572121892E-5 -1.2415658840920173E-4 -0.8669884202550032 0.498328284511058 1.0
 126470 126470 6.81358154677258E-5 7.310424517613732E-5 -1.3088945729553968E-4 -0.8668875233432342 0.49850378320714245 1.0
 126670 126670 9.55074548062787E-5 8.495072594607051E-5 -1.3863880141043978E-4 -0.8669693961071987 0.4983613811417566 1.0
 126870 126870 1.1093525873745127E-4 9.734998096473484E-5 -1.4520247212487499E-4 -0.8670186963973486 0.4982756065647226 1.0
 127080 127080 1.3370066109505768E-4 1.092839881418065E-4 -1.5005860266267365E-4 -0.8672048035217342 0.49795163294122274 1.0
 127280 127280 1.5422989732834323E-4 1.2001083362107405E-4 -1.5489951247530477E-4 -0.8672485437975644 0.4978754495664593 1.0
 127480 127480 1.7955622957397933E-4 1.2795012694865032E-4 -1.6188768364256375E-4 -0.8674929097889972 0.49744954665354646 1.0
 127680 127680 1.9903645396284573E-4 1.3442707440849597E-4 -1.6658315996125733E-4 -0.8677080435016147 0.4970741908836144 1.0
 127890 127890 2.1091823377678717E-4 1.349129211792218E-4 -1.7617091737634363E-4 -0.8678656108664548 0.4967990353003871 1.0
 128090 128090 2.0415990985439913E-4 1.297401271098932E-4 -1.761716870746595E-4 -0.8688417965996308 0.4950898226398174 1.0
 128300 128300 2.0107850393439388E-4 1.2485432265795925E-4 -1.8025008748721207E-4 -0.8696052849071727 0.49374755539801396 1.0
 128509 128509 1.9406892369115285E-4 1.2015478417226861E-4 -1.8698149587135916E-4 -0.8696662100502357 0.4936402365051489 1.0
 128710 128710 1.9076370586293336E-4 1.1648903328293717E-4 -1.9554123276826224E-4 -0.8692684659463681 0.49434030192899303 1.0
 128919 128919 1.9380702748619482E-4 1.0091355828802603E-4 -1.9229825281192865E-4 -0.8698692761092326 0.4932823151920203 1.0
 129120 129120 2.141482626380765E-4 9.246252453883141E-5 -2.349643520140911E-4 -0.8720483529141023 0.4894197280247305 1.0
 129900 129900 0.33596891880372426 -0.10899348362837963 0.02210644260888089 0.5329387859894792 0.84615379830623 1.0
 130110 130110 0.3673085519167937 -0.11836845917370113 0.01804137978075991 0.5271619972149275 0.8497648078688413 1.0
 130320 130320 0.3679078733925268 -0.12070738246000955 0.01796669572240974 0.5268148854521535 0.8499800447457778 1.0
 131260 131260 1.128755481325755 -1.161990670683745 -0.003224483354231853 0.6765060690828348 0.7364370567089158 1.0
 131460 131460 1.1242876732546594 -1.1859438917383058 0.008790757708176049 0.669915687542645 0.7424371835948583 1.0
 132440 132440 1.9621610160929897 -1.806301569391887 -0.00931754044918162 0.997184537943558 0.07498664738666914 1.0
 132650 132650 1.9745125784024844 -1.8127010614770143 3.301096774352795E-4 0.9977957160458908 0.06636044786217167 1.0
 132860 132860 1.976004538357929 -1.8126509247494116 9.422717152636534E-5 0.9980214888631246 0.06287374465889675 1.0
 133480 133480 2.349692806843357 -1.5739584850084383 -0.018412916462106462 0.6154484993046705 -0.7881771023720677 1.0
 133680 133680 2.361569448927944 -1.5685605810651513 -0.013799444203748972 0.612236081870961 -0.7906750154490111 1.0
 133890 133890 2.3611369027539664 -1.5692866447650247 -0.013918727080304427 0.6106148208263977 -0.7919277369729805 1.0
 134090 134090 2.36186824985025 -1.568627279423195 -0.013995777694830128 0.6092882884380376 -0.792948788745053 1.0
 134300 134300 2.3617766291298 -1.5685971115726198 -0.013980119877983145 0.6104203585944654 -0.7920776387535531 1.0
 134510 134510 2.3614164553094112 -1.5691657726147796 -0.014000962297815708 0.6124065415321736 -0.7905429955977108 1.0
 134710 134710 2.3609993364026463 -1.5698596717682964 -0.013996382527477102 0.6145122195829372 -0.7889073025287902 1.0
 134920 134920 2.3607511479040992 -1.5702455665410284 -0.01400585912528268 0.614716912189077 -0.7887478163955363 1.0
 135120 135120 2.3605252272453146 -1.5705877323398048 -0.014021500971109886 0.6154709094345823 -0.7881596028976418 1.0
 135330 135330 2.360343034875555 -1.5708797305846238 -0.014033150838998209 0.615564353559162 -0.7880866238093951 1.0
 135540 135540 2.3600963129874852 -1.5712535956282225 -0.014046029337224293 0.6167475515373293 -0.7871610112757805 1.0
 135740 135740 2.3598475037016216 -1.571671811573053 -0.014044100200338624 0.6180598981229004 -0.7861310083772997 1.0
 135950 135950 2.359608600206247 -1.5720442826418601 -0.01405181069834293 0.6178915926263243 -0.7862633018027132 1.0
 136150 136150 2.3594343225701535 -1.5723275634564748 -0.014059402057151064 0.6178273168601685 -0.7863138092017493 1.0
 136360 136360 2.3591928043295036 -1.5727284738003227 -0.014081801693279852 0.6172570092478189 -0.7867615804895649 1.0
 137050 137050 2.2662445659369572 -1.7055221009222528 -0.15311313188975367 0.6253301384152207 -0.7803603129257669 1.0
 137260 137260 2.16017553691724 -1.849495224155233 -0.4482617776274164 0.6292444676456714 -0.777207436877257 1.0
 137460 137460 2.1541005408552767 -1.8597404481197628 -0.4526273310392212 0.6292320880079155 -0.7772174595447524 1.0
 137670 137670 2.154860048671529 -1.8595435500622388 -0.4532147290962772 0.6266769428344134 -0.779279160070198 1.0
 137890 137890 2.1617127867600523 -1.8503150738487333 -0.45303562258382074 0.5572853232410482 -0.8303210635050279 1.0
 138090 138090 2.1533628611315274 -1.8593669546144462 -0.4527764750584912 0.5526293215944474 -0.8334271611329095 1.0
 138300 138300 2.1537452912583546 -1.859070528510934 -0.4527859002013132 0.5547991318460681 -0.8319843287603734 1.0
 138510 138510 2.153925774145315 -1.8589346819834187 -0.4528057145541095 0.5525029974844314 -0.833510910408927 1.0
 138710 138710 2.1540007615032986 -1.8588768917420677 -0.45282023149356815 0.5504834112234106 -0.8348461019660075 1.0
 138920 138920 2.154066837312722 -1.858826789976685 -0.45282869148524785 0.5501510379837065 -0.8350651683584045 1.0
 139120 139120 2.1541448243862322 -1.8587546413367158 -0.4528339204622707 0.5502196539764851 -0.8350199592692363 1.0
 139330 139330 2.1541980567067247 -1.8587066239730599 -0.45284462541920506 0.5504873051268367 -0.8348435343788637 1.0
 139540 139540 2.154265847742545 -1.8586410647890175 -0.45284551825179464 0.5507191260750839 -0.8346906278227256 1.0
 139740 139740 2.1543153430411253 -1.858590658629522 -0.452849562798826 0.5504283693437101 -0.8348823930480413 1.0
 139950 139950 2.154363139734389 -1.8585257698040982 -0.4528560644315745 0.5496878687987017 -0.8353701256901286 1.0
 140150 140150 2.1544209454153838 -1.858461158017711 -0.45286984741348446 0.5496018731184938 -0.8354267059800298 1.0
 140360 140360 2.1545033118719394 -1.8583751425883575 -0.4528677201247431 0.5492841145001335 -0.8356356631677493 1.0
 140570 140570 2.1545513416234607 -1.8583116203929773 -0.4529002626176023 0.5493653813723283 -0.8355822387710478 1.0
 140770 140770 2.154599353870344 -1.8582524840703372 -0.4528885783148805 0.549377912483276 -0.8355739998800332 1.0
 140980 140980 2.154637237087269 -1.8581878881715985 -0.4529025576944575 0.5504523422467485 -0.8348665874947137 1.0
 141180 141180 2.1546800345306574 -1.8581153349905388 -0.4529078781796915 0.5517214915027526 -0.8340284142725463 1.0
 141390 141390 2.154747627638322 -1.8580579602171003 -0.452855211082355 0.553466697966664 -0.8328713071308661 1.0
 141590 141590 2.15504439948383 -1.8576062851884079 -0.45284913563422885 0.5519810286833993 -0.8338566687228786 1.0
 142430 142430 2.7260036406877983 -0.8381725653844795 -0.47624362437030227 0.3578773781824635 -0.9337685913465102 1.0
 142640 142640 2.74033446895663 -0.8163577476043649 -0.46846146989142246 0.3632789019656501 -0.9316804384479861 1.0
 143630 143630 2.161373510336046 -0.12449056137859643 -0.491142887654258 -0.853861231186916 -0.5205007184202189 1.0
 143830 143830 2.174754521787145 -0.11718526244513705 -0.48792187391580216 -0.8612059875469532 -0.5082560840887957 1.0
 144800 144800 1.186344110619585 0.08188201597987921 -0.5125913929697229 -0.9598850697691228 0.2803937460684995 1.0
 145010 145010 1.176597585340182 0.08435573654905257 -0.5034105966756971 -0.9614005960909023 0.27515249196774094 1.0
 145210 145210 1.1741050783740887 0.08355378637675567 -0.5039450077550423 -0.9636949682893107 0.2670056330751555 1.0
 146080 146080 0.3867397038473899 -0.9078577977043248 -0.5310350940342192 -0.620883958377599 0.7839024877045384 1.0
 146290 146290 0.37655864956371204 -0.9108745825702665 -0.5184573314737447 -0.6139754609055619 0.7893251126157097 1.0
 147270 147270 -0.3101853094355928 -1.8995555377808613 -0.5422575673359797 -0.4088211583872174 0.9126145190905817 1.0
 147480 147480 -0.308997719343983 -1.9039985521401643 -0.5350727028909028 -0.40814395800248454 0.9129175809162984 1.0
 147680 147680 -0.30977128981982005 -1.9080002198849237 -0.5359086536935211 -0.412659600034646 0.9108853135819273 1.0
 148550 148550 -0.013780202887764033 -2.570158975811243 -0.5622655087541402 0.8153601239065008 0.5789541159221305 1.0
 148760 148760 -0.014056131909642864 -2.5775692501453125 -0.555630288646186 0.8175293041675775 0.5758870000505971 1.0
 149780 149780 1.1219477473098214 -3.2673542694840267 -0.5841882101879442 0.8553853729713748 0.5179921463754272 1.0
 149990 149990 1.1318847184018144 -3.2791222320570763 -0.5613871151123042 0.8547246312385338 0.519081693718968 1.0
 150960 150960 2.253064123192643 -4.034627038327681 -0.5976241961142358 0.8357281206264632 0.5491434315314714 1.0
 151170 151170 2.2741903666768266 -4.050586968880024 -0.5713946766818029 0.8359235182589096 0.5488459452538994 1.0
 152090 152090 3.3475791861132618 -4.843898851939877 -0.5963707788355777 0.8608403776707865 0.5088750771767249 1.0
 152300 152300 3.3269419606908364 -4.861628692773744 -0.5961395707078228 0.856121188443787 0.5167751064995272 1.0
 153280 153280 4.211171095697189 -5.283542867531295 -0.62759029245845 0.9448817224938407 -0.3274118667627559 1.0
 153490 153490 4.210867309621327 -5.294295906496993 -0.6204757473881264 0.9465275329919935 -0.32262304519065366 1.0
 153700 153700 4.207899747404517 -5.2985820807234525 -0.6209765987486067 0.948387130058721 -0.3171148869715558 1.0
 154520 154520 4.813803731821369 -4.494732679239468 -0.6521868337098964 0.5685239644454837 -0.8226667015573138 1.0
 154730 154730 4.830347803698997 -4.493900452008233 -0.6435120348625905 0.5656490718959913 -0.8246460619339692 1.0
 155750 155750 5.602875506634643 -3.4016237314158206 -0.6684873049340572 0.5440236366132933 -0.8390698914906001 1.0
 155960 155960 5.609552163449723 -3.3915928703393856 -0.6526303893205444 0.5505624415787342 -0.8347939853178524 1.0
 157190 157190 5.570326190031766 -2.7041068763319194 -0.689927773030962 -0.8111448500046863 -0.584845306308322 1.0
 157400 157400 5.569385809534249 -2.6816656281970532 -0.67380543620401 -0.8140438587600791 -0.5808034056503116 1.0
 157610 157610 5.56545985534811 -2.6650443867628533 -0.6747970067339997 -0.8193622019932214 -0.5732761829561903 1.0
 158500 158500 4.550665800248614 -1.9635602290251297 -0.7078048201024943 -0.8602394154024887 -0.509890329569001 1.0
 158710 158710 4.544859174851952 -1.95475173512555 -0.7028266932133809 -0.8598126307331051 -0.5106096748317809 1.0
 159650 159650 3.459800155801493 -1.2494846434794098 -0.7366454785379083 -0.8084009881001983 -0.5886321792415217 1.0
 159860 159860 3.4544670270340068 -1.2418329035736002 -0.723057551645756 -0.8101949379869453 -0.5861605261874343 1.0
 160850 160850 2.4484161008966594 -0.4261417958518701 -0.7495145974461855 -0.8126867018761552 -0.5827008877577391 1.0
 161050 161050 2.4377317977704 -0.42036772866874655 -0.7440266568391181 -0.8101948410755776 -0.5861606601389414 1.0
 162030 162030 1.4712969318161886 0.08348254513253946 -0.780641589340988 -0.9952435410937925 -0.09741813953822225 1.0
 162240 162240 1.4626477230662238 0.09549617379560345 -0.7696208790219194 -0.994713042804978 -0.1026935366693647 1.0
 162450 162450 1.46049342251331 0.09473285016416423 -0.7697806306196004 -0.9944834731637836 -0.10489338207960563 1.0
 163330 163330 0.7410313458696018 -0.4276402001407956 -0.786508425286087 -0.6550742821523803 0.7555644809429197 1.0
 163540 163540 0.7380307493259325 -0.4265936651524728 -0.7873046059349746 -0.650665302364166 0.7593646451470785 1.0
 164510 164510 -7.257263981083751E-4 -1.3722728146097078 -0.8114686611919845 -0.5278459063240231 0.8493401551657443 1.0
 164710 164710 -0.00599311660696147 -1.3810487066446255 -0.7981958369500671 -0.5311844970170225 0.8472561773919225 1.0
 164920 164920 -0.00769797236052836 -1.3868841297389567 -0.7988286465357947 -0.5427543264378789 0.8398915055725735 1.0
 165770 165770 -0.3146124301318606 -2.338731188912517 -0.8374848787108994 0.4316751711798519 0.9020291273494696 1.0
 165980 165980 -0.32090490718098746 -2.3461616281104503 -0.8288442499779761 0.42888599817281986 0.903358622348458 1.0
 166180 166180 -0.3206197857590829 -2.3469322946949047 -0.8290322671205832 0.42615050674973654 0.9046522788325594 1.0
 167120 167120 0.579375778615623 -2.9054070615875918 -0.8517701551754775 0.8810361411571634 0.47304895938464414 1.0
 167330 167330 0.5766401077292783 -2.915314710583361 -0.846319291000788 0.8795761800739728 0.4757580723923433 1.0
 167540 167540 0.5755664590818783 -2.9100504894307675 -0.8468316573308456 0.8743079942905051 0.4853715392559747 1.0
 168290 168290 1.2990936080285842 -3.1216712939453664 -0.8672475145185787 0.7782739901951564 -0.6279248332290336 1.0
 168490 168490 1.319631666192599 -3.1296746506224675 -0.8595124773058889 0.773459325291844 -0.6338459372111533 1.0
 168700 168700 1.3201617670941335 -3.1295572743001006 -0.859654079577218 0.7740099159491346 -0.6331734754491959 1.0
 169560 169560 1.7649298020880817 -2.511055813313198 -0.8825844891994922 0.4012932559871374 -0.9159496289093859 1.0
 169770 169770 1.775959538650133 -2.5058326860181293 -0.8771031154831871 0.3955900690394424 -0.9184271867041879 1.0
 169980 169980 1.7760681200117423 -2.5052715247174224 -0.8772711226630125 0.39776097227743745 -0.9174890783725481 1.0
 170860 170860 2.1190692435506273 -1.9380149710146355 -0.8918941017788156 0.5419903620215824 -0.8403847020714467 1.0
 171070 171070 2.122486081661735 -1.9225142692189845 -0.8878386734653606 0.5412474327859769 -0.8408633756458831 1.0
 171270 171270 2.1220710080487586 -1.922637975431671 -0.8878048633028343 0.5419371418253429 -0.8404190230534874 1.0
 171480 171480 2.12268366628255 -1.9215966578991237 -0.8881234745931528 0.542443603473955 -0.8400922193724869 1.0
 171680 171680 2.134461454927139 -1.9147162870025858 -0.8857076364199891 0.594451542114041 -0.8041314345790982 1.0
 171890 171890 2.133835375081003 -1.9140614731015295 -0.8855904782769731 0.5932911528552005 -0.8049879551544527 1.0
 172090 172090 2.133917436731554 -1.9140510016138554 -0.8856149296541194 0.593521914006291 -0.8048178288248272 1.0
 172300 172300 2.1340025930591473 -1.914097240335933 -0.8856308475046027 0.5959444597242262 -0.8030256539638072 1.0
 172510 172510 2.1340646461802257 -1.9141030946558275 -0.8856368571860865 0.5978307638908984 -0.801622341096869 1.0
 172710 172710 2.1340941502680675 -1.9141373984449745 -0.885662581419767 0.5986804134510795 -0.8009879915142577 1.0
 172920 172920 2.1341520540081462 -1.9141208635898759 -0.885670086736712 0.6021725326628818 -0.7983659818068217 1.0
 173600 173600 2.1368942285182726 -2.014930038206397 -0.9830430664775698 0.6346122758911581 -0.7728306795723399 1.0
 173800 173800 2.06854899836546 -2.1330383169601204 -1.1592013229897518 0.64523207542135 -0.7639866287098599 1.0
 174010 174010 2.0625205838949916 -2.146597566865959 -1.162072191127488 0.6487820998945202 -0.7609742353433898 1.0
 174210 174210 2.0621696935837486 -2.1484942136465315 -1.1624261150517579 0.6474466730632087 -0.7621107567403721 1.0
 174420 174420 2.062108904495846 -2.1488466576510206 -1.1624920569532047 0.6477699609787407 -0.761835991308891 1.0
 174620 174620 2.062114673002897 -2.1489043873641376 -1.1625083326929075 0.6476648420248083 -0.7619253588147464 1.0
 174830 174830 2.0621155363745247 -2.1489236754205403 -1.1625153819750935 0.6473211095206083 -0.7622174106965864 1.0
 175040 175040 2.062124261295125 -2.148924609461342 -1.1625224774308613 0.6477177551391193 -0.761880377538062 1.0
 175240 175240 2.062126203023917 -2.1489178902704493 -1.1625303321683815 0.6478037999069299 -0.7618072176253926 1.0
 175450 175450 2.0621334828465803 -2.1489114658269606 -1.162534787796947 0.6477975674091859 -0.7618125173943661 1.0
 175650 175650 2.062128229293009 -2.148916788788752 -1.1625477489192797 0.6480164147567318 -0.7616263691639302 1.0
 175860 175860 2.062126453355051 -2.1489235615523183 -1.162550923758727 0.6474284564840687 -0.7621262321522967 1.0
 176070 176070 2.062126326859289 -2.148934177277527 -1.1625595358937921 0.6470205662475386 -0.7624725482617158 1.0
 176270 176270 2.0621167882930194 -2.148940999374587 -1.1625716887029938 0.6467413355266839 -0.7627094105366481 1.0
 176480 176480 2.0621182502344197 -2.148946784840101 -1.1625770144621563 0.6465069702383244 -0.7629080792816801 1.0
 176680 176680 2.0621160657584188 -2.1489594050288243 -1.16258963228852 0.6477297657259153 -0.7618701664933801 1.0
 176890 176890 2.062128063951962 -2.1489749916266865 -1.1625947458481853 0.6480499690809215 -0.7615978187824705 1.0
 177090 177090 2.0621226609731225 -2.1489947380728376 -1.16260378212957 0.6474097726293762 -0.7621421037470503 1.0
 177300 177300 2.062118822194267 -2.1490097522511715 -1.1626212230630295 0.6482903447825717 -0.76139321566566 1.0
 177510 177510 2.062134475376265 -2.149021526697532 -1.1626184818607928 0.648487068375649 -0.7612256709738291 1.0
 177710 177710 2.062136663825447 -2.1490348889206254 -1.1626274560162382 0.6479215946804175 -0.7617070349857514 1.0
 177920 177920 2.0621475840805643 -2.149039412031052 -1.1626388257451266 0.647171329694807 -0.7623445874544237 1.0
 178120 178120 2.0621617222320054 -2.1490390413808593 -1.1626466429748468 0.6468176059453277 -0.7626447302900314 1.0
 178330 178330 2.0621728518183313 -2.149041193575383 -1.1626571267626156 0.6467287526030624 -0.7627200800795053 1.0
 178540 178540 2.062184538189175 -2.149050070771914 -1.1626667532338009 0.6464476839141998 -0.7629583160055121 1.0
 178740 178740 2.06220583106955 -2.149056526882793 -1.162668283296883 0.6457236263047844 -0.7635712137265254 1.0
 178950 178950 2.0622199102771126 -2.1490595266255026 -1.162678327802825 0.6444782516459379 -0.7646226410167274 1.0
 179150 179150 2.0622311614257907 -2.1490623242884217 -1.162690139835821 0.6453798032708608 -0.7638618392942961 1.0
 179360 179360 2.0622541510347348 -2.149064662834236 -1.1626926336440486 0.644842085775526 -0.7643158276607054 1.0
 179570 179570 2.062266020383623 -2.1490640389188953 -1.1626996175965942 0.644162214062296 -0.7648889082568532 1.0
 179770 179770 2.0622734310954565 -2.149063716698491 -1.1627060139387813 0.6443551803510316 -0.7647263573035714 1.0
 179980 179980 2.0622793421181105 -2.149072274683659 -1.162712803140166 0.6445213375676753 -0.7645863230662544 1.0
 180180 180180 2.062276252229683 -2.1490783261606574 -1.1627223578783132 0.6452542472634087 -0.7639679027213983 1.0
 180390 180390 2.062276611275427 -2.1490799468148176 -1.1627301323007493 0.6457332774376259 -0.7635630520197151 1.0
 180590 180590 2.062278795986574 -2.149085506112849 -1.162738736340987 0.6460331014720349 -0.7633093945461588 1.0
 180800 180800 2.0622784969965196 -2.1490916987741167 -1.1627443225766414 0.6452548234590747 -0.7639674160609198 1.0
 181010 181010 2.062274304410669 -2.1491003447942565 -1.1627530951140073 0.6447525836490157 -0.7643913303262401 1.0
 181210 181210 2.062265075089943 -2.149102902765723 -1.162763952076098 0.6453331819153054 -0.7639012268081963 1.0
 181420 181420 2.062267318315011 -2.149105580999954 -1.1627708180583969 0.6454861511598149 -0.7637719742572967 1.0
 181620 181620 2.0622676149000805 -2.1491093458607975 -1.1627785739915462 0.6462042401329711 -0.7631645170172481 1.0
 181830 181830 2.0622676102945894 -2.149108053284575 -1.162785154957654 0.6461980363474897 -0.7631697699861075 1.0
 182040 182040 2.0622602623102217 -2.149109170885519 -1.1627941629199197 0.6457348310899096 -0.7635617381176757 1.0
 182240 182240 2.0622543143768706 -2.1491140371006074 -1.1627985660284035 0.6457759141905759 -0.7635269927457221 1.0
 182450 182450 2.062245918586072 -2.1491152753137595 -1.1628072540752485 0.6459936596188227 -0.7633427747298592 1.0
 182650 182650 2.062238972985946 -2.149118676576523 -1.1628158173414012 0.6466241146975885 -0.7628087927466226 1.0
 182860 182860 2.0622246214763122 -2.1491209447515756 -1.1628267254101101 0.6466040002124737 -0.7628258431052447 1.0
 183070 183070 2.0622199371989787 -2.1491261653059905 -1.162833524483623 0.6457848410080317 -0.7635194425319052 1.0
 183270 183270 2.062214236033727 -2.149129856890842 -1.1628419008999338 0.6464471320071025 -0.7629587836310634 1.0
 183480 183480 2.062213458168147 -2.149132398542513 -1.1628479070081408 0.6465649545027715 -0.7628589382112718 1.0
 183680 183680 2.062200750828779 -2.1491367691767773 -1.162855526514981 0.6463416254555698 -0.7630481657165896 1.0
 183890 183890 2.06219768201482 -2.149140394383677 -1.1628644878607322 0.6462595907140488 -0.7631176458516146 1.0
 184090 184090 2.06219394963638 -2.149145609739453 -1.1628702066488452 0.646507347545505 -0.7629077595421845 1.0
 184300 184300 2.0621898151280953 -2.1491469257400353 -1.1628760347553164 0.6470540721952349 -0.7624441144474549 1.0
 184510 184510 2.0621810237755356 -2.1491469314443203 -1.1628817837819483 0.6474653844737639 -0.7620948601770262 1.0
 184710 184710 2.0621761791037345 -2.149146943143542 -1.1628893168224756 0.6477063081502479 -0.7618901091249158 1.0
 184920 184920 2.0621703854313638 -2.1491492480234733 -1.1628977763348645 0.6483654865720063 -0.7613292295861531 1.0
 185120 185120 2.062170953045603 -2.149151591167178 -1.1628992002812526 0.6486226517812681 -0.761110146822545 1.0
 185330 185330 2.062169393897361 -2.1491517858246825 -1.1629037712512684 0.6489202206421701 -0.7608564563974713 1.0
 185540 185540 2.0621580529504353 -2.149151695411313 -1.1629108733148508 0.6497070328079096 -0.7601846956627987 1.0
 185740 185740 2.062152377011827 -2.149149264874743 -1.162916373676655 0.6502046808885457 -0.7597590887581567 1.0
 185950 185950 2.0621430114983643 -2.1491440525452727 -1.1629248031622272 0.6509054993324244 -0.7591587653046017 1.0
 186150 186150 2.0621418440242336 -2.14914128589429 -1.1629290069390554 0.6504100216748735 -0.7595833092590243 1.0
 186360 186360 2.062143802023783 -2.149138197009189 -1.162935797844038 0.6505351373734702 -0.7594761583107663 1.0
 186570 186570 2.062142178670192 -2.1491411970269563 -1.1629401931458434 0.6506116352735529 -0.7594106267670169 1.0
 186770 186770 2.0621423825035827 -2.1491409210907007 -1.1629470008648108 0.6504857047596504 -0.7595184974069698 1.0
 186980 186980 2.0621429193527816 -2.1491470524470544 -1.1629540867993569 0.6509064879881443 -0.7591579176264578 1.0
 187180 187180 2.0621457826877987 -2.1491538564041996 -1.1629594163188226 0.650993641983547 -0.7590831825939746 1.0
 187390 187390 2.062150621120175 -2.1491590697855902 -1.1629673019707516 0.6517738678916896 -0.7584133603342615 1.0
 187590 187590 2.062149310944109 -2.14916459654361 -1.1629714105785927 0.651741562337634 -0.7584411222512266 1.0
 187800 187800 2.062148743440565 -2.1491677456071976 -1.1629790209095465 0.6516808271408044 -0.7584933088281511 1.0
 188010 188010 2.0621414754113587 -2.149169479446989 -1.1629857356849187 0.6515987034867411 -0.758563859944829 1.0
 188210 188210 2.0621407189184033 -2.149172310515669 -1.1629900277010417 0.6518437676736029 -0.7583532834669354 1.0
 188420 188420 2.06214103995763 -2.149173777941415 -1.162998554195562 0.6515891515287399 -0.7585720648758804 1.0
 188620 188620 2.062144828959465 -2.1491769322376477 -1.1630058950974178 0.6521003195577778 -0.7581326884079356 1.0
 188830 188830 2.0621455908909003 -2.1491731469304924 -1.1630131002980284 0.6518977589544466 -0.7583068718336727 1.0
 189040 189040 2.062153251923111 -2.149173509036683 -1.163016786280968 0.6517442803503547 -0.7584387866074613 1.0
 