#Raw shoe 1 data: timestamp ignore x y z angle 1 angle 2 angle 3
 74940 74940 0.0 0.0 0.0 -0.7341149753366591 0.6790251858263111 1.0
 75140 75140 2.79514903639092E-6 4.19822096721929E-6 9.784989512269276E-6 -0.7349683319113852 0.6781014312677683 1.0
 75340 75340 5.555857542932185E-6 3.562673972473437E-6 2.260645329122414E-5 -0.7354301018823568 0.6776005941890151 1.0
 75540 75540 7.400999434464641E-6 8.75853107467871E-6 3.055494555935314E-5 -0.7366873946539509 0.6762334527054794 1.0
 75750 75750 9.16950351727182E-6 1.0664380103005702E-6 4.847188156415097E-5 -0.7365433040430702 0.676390391171635 1.0
 75950 75950 1.2092826876604775E-5 3.94590557347758E-6 5.85153617335649E-5 -0.7365644693184428 0.6763673428970687 1.0
 76150 76150 1.4610453245327885E-5 2.224986395858336E-6 6.840689189699755E-5 -0.7369210377971884 0.6759788340265652 1.0
 76360 76360 2.1133907240568924E-5 6.2425033381763395E-6 7.393294894649412E-5 -0.7371980147805044 0.6756767622196898 1.0
 76560 76560 1.2673949394485895E-5 -1.622837912318732E-6 8.860918477464428E-5 -0.7379642331930081 0.6748398258311786 1.0
 76760 76760 2.14533836991271E-5 -6.849440236233782E-6 1.0137112883575581E-4 -0.7392238007575886 0.673459852102191 1.0
 76970 76970 2.4711966414977233E-5 -7.678334052808774E-6 1.1194737813994434E-4 -0.7400475689089787 0.6725545299467622 1.0
 77630 77630 0.03596201327674202 -0.08338691985968007 0.01590678135697317 -0.8983970689779557 -0.43918413729530154 1.0
 77830 77830 0.05179351685351088 -0.08957927386864917 0.013135256516502934 -0.8912745597665955 -0.4534640659554639 1.0
 78030 78030 0.05243989924661158 -0.0903595464317424 0.013082137786581828 -0.8901105409644507 -0.45574469263390527 1.0
 78230 78230 0.05259954317475096 -0.090420955873433 0.013079306071023197 -0.8915008998419094 -0.45301892408713557 1.0
 78430 78430 0.052466873352182225 -0.09053212232302286 0.013067903741417544 -0.8907496303561584 -0.4544943300200424 1.0
 78870 78870 0.04557567148011676 -0.00789424298406596 0.016402615665919922 0.19045647891798634 -0.9816956400219788 1.0
 79080 79080 0.048157604535311045 -0.009301011451645042 0.014875661840827028 0.1750624950555005 -0.9845573232803374 1.0
 79280 79280 0.04803922799839236 -0.0097625581836899 0.014928291145453389 0.1740660653224979 -0.984733976718151 1.0
 79480 79480 0.04797377008167026 -0.0097141141999467 0.014943828591969192 0.16977046928326803 -0.9854836314010187 1.0
 80210 80210 0.9473825808078058 -0.5767781510400696 -0.12143066820604023 0.7994276592985499 0.6007623636251207 1.0
 80410 80410 1.0654045820607196 -0.6513621703805205 -0.010682968648726405 0.8323905975503455 0.5541894018381971 1.0
 80610 80610 1.0816819158318558 -0.7001651555003369 0.003617088999908602 0.8298373519997191 0.5580053487432663 1.0
 81560 81560 2.009699882350563 -1.493950500233243 -0.028539783159992067 0.9858753548219568 0.1674806996482907 1.0
 81760 81760 2.005902196590679 -1.5035937434384419 -0.022149400347354062 0.9856707074130349 0.16868093119225827 1.0
 81970 81970 2.008426580076588 -1.503867739659119 -0.02290342900605842 0.986213484845417 0.16547798134210578 1.0
 82580 82580 2.3438876604541448 -1.5309648686554567 -0.049467458413199154 0.6499042748322628 -0.7600160745370789 1.0
 82820 82820 2.287262419847146 -1.568764670461906 -0.010285686170091408 0.533493951258024 -0.8458038803239798 1.0
 83020 83020 2.335343198867179 -1.5319582707678967 -0.008288062147097883 0.5248877444244116 -0.851171460842675 1.0
 83220 83220 2.337187541584874 -1.5314708747732366 -0.008574169133108496 0.5233601458006873 -0.8521115876383112 1.0
 83430 83430 2.3322316254641033 -1.5372634549093243 -0.008135505602736732 0.5151459307003582 -0.8571024851689918 1.0
 83640 83640 2.3399773204707435 -1.5258936719730882 -0.00828907147194662 0.46978365217177936 -0.8827815812261517 1.0
 83840 83840 2.337946037893935 -1.5292561656177681 -0.008326194144558806 0.4745544841303624 -0.880226130941229 1.0
 84040 84040 2.33795002018343 -1.5293269502954445 -0.008311294244176278 0.4737161579704201 -0.8806775810009836 1.0
 84250 84250 2.3378720497398278 -1.5293569122748951 -0.00834552328291319 0.47419665166278296 -0.8804189545618638 1.0
 84450 84450 2.337932866325981 -1.5292428858268228 -0.008339593592557738 0.47680585339284864 -0.8790086337291104 1.0
 84650 84650 2.338053574533751 -1.5291054030382225 -0.008294377134239694 0.47616551765121196 -0.8793556730924941 1.0
 84860 84860 2.338127973893843 -1.5289745910374362 -0.008287281105735783 0.47380860943981606 -0.8806278451313629 1.0
 85060 85060 2.3382099419444016 -1.5288411333664824 -0.008256458976891179 0.47404320763557894 -0.8805015827893619 1.0
 85260 85260 2.338281909271715 -1.5287162303764767 -0.008281846586593773 0.4736142205614584 -0.8807324054909994 1.0
 85730 85730 2.31980772115786 -1.5899270850863314 -0.07458216732531749 0.5072111047463163 -0.8618218465680836 1.0
 85930 85930 2.291485019339322 -1.6569640018909302 -0.18590858441516298 0.49776176862676424 -0.8673137965543704 1.0
 86140 86140 2.28998472626329 -1.6609649303811875 -0.18715374199172832 0.49318275486560204 -0.8699257268888968 1.0
 86340 86340 2.2898347335692097 -1.6613921384797548 -0.18724691142138464 0.49487728119394925 -0.8689628740965202 1.0
 86540 86540 2.2893762168017378 -1.6619415700986109 -0.18726625176083558 0.499163667506145 -0.8665077224363409 1.0
 86750 86750 2.2894382057652 -1.6619330649772024 -0.18729174487052638 0.5023325305600714 -0.8646745218526535 1.0
 87740 87740 2.8468348804198116 -0.743993118154939 -0.19818867114042152 0.4820183365724269 -0.8761611285648038 1.0
 87940 87940 2.867772467584719 -0.7261661033316982 -0.2048592343190077 0.4765387247295884 -0.879153481385985 1.0
 88140 88140 2.865309318705026 -0.7277644572263685 -0.20349160163861624 0.4679939861733847 -0.8837316498267705 1.0
 89030 89030 4.018700901104397 -0.7563303024669611 -0.22882945820650447 0.9005574642602054 0.434736993554987 1.0
 89230 89230 4.025342027344234 -0.7692252531404146 -0.22294325553013852 0.8982671934023592 0.43944971186365417 1.0
 90250 90250 4.909032670323195 -1.519338533232313 -0.24826658357416861 0.9242877720483467 0.3816963641979101 1.0
 90450 90450 4.919333158877453 -1.523695359040774 -0.24261655039681002 0.9244555063709188 0.38128993789567556 1.0
 91540 91540 5.990001552245558 -2.191609654312957 -0.2757413079203334 0.8845835884659075 0.4663816838350088 1.0
 91750 91750 5.999976922488719 -2.2035400440060413 -0.2629390975963225 0.8909571926180264 0.4540873053964457 1.0
 91950 91950 6.002163734943537 -2.205239277855575 -0.26370040655419896 0.8961388056264639 0.44377386251375234 1.0
 92920 92920 5.762367182309296 -3.2491832428727485 -0.28250091640813113 -0.43373389500661674 0.9010410136738445 1.0
 94100 94100 4.6416956411087105 -4.41184537696013 -0.30249996086253494 -0.54995420207628 0.8351948129739805 1.0
 94300 94300 4.634913700761302 -4.423583399601214 -0.29339383997395546 -0.5379040888189951 0.8430060445998039 1.0
 94500 94500 4.634924276986526 -4.423756017277429 -0.29346197938449503 -0.5380578666567725 0.8429079025188712 1.0
 95410 95410 3.7955545540735085 -5.13549344853299 -0.3199212189214062 -0.7764287980848603 0.6302049837191859 1.0
 95610 95610 3.787871567709953 -5.142302676685914 -0.31141338893469417 -0.7642666626003773 0.6449003554330552 1.0
 95810 95810 3.787069449154896 -5.142572438236354 -0.3111798237466749 -0.7522616622347563 0.6588644712926941 1.0
 96010 96010 3.7858283583857792 -5.143039698982765 -0.3113295240844237 -0.752597435973358 0.6584809028106489 1.0
 96910 96910 2.812856665958457 -4.304585896304331 -0.3297252018794846 -0.8543889108337782 -0.5196340914954196 1.0
 97110 97110 2.7960473570954787 -4.3082966727598375 -0.3229329612797998 -0.8554650085447119 -0.5178606174981797 1.0
 98100 98100 1.8643891114074256 -3.4777266328283565 -0.34656221555220995 -0.8458630958640911 -0.5334000591068727 1.0
 98300 98300 1.8559941301478293 -3.4735675391029326 -0.33794675992554174 -0.8440951315021347 -0.5361934436137707 1.0
 99320 99320 0.9001629648920595 -2.654783704773799 -0.3586149381295594 -0.8516500160600176 -0.5241109139723881 1.0
 99520 99520 0.8879799779221996 -2.6437364074416263 -0.35526930729125306 -0.8532085364825617 -0.5215699313354684 1.0
 100540 100540 -0.018638489803280575 -1.8700528343311456 -0.37294938518598136 -0.8056944906524918 -0.5923313158463107 1.0
 100750 100750 -0.03176241283770645 -1.8605102526007327 -0.3612130071670928 -0.8149545082465334 -0.5795249343114158 1.0
 100950 100950 -0.03140130038140819 -1.8613051976766959 -0.36123425458755987 -0.819554558237785 -0.5730011571294329 1.0
 101890 101890 0.2896571965230711 -0.7550955775704982 -0.38016742950184607 0.5206898453437677 -0.8537459135807816 1.0
 102090 102090 0.2906551676323882 -0.737149766767439 -0.37875675542216647 0.5195938095116155 -0.8544134087882791 1.0
 102290 102290 0.2895794972521013 -0.7424728551403451 -0.3790436550615048 0.5227327384811343 -0.8524966182455002 1.0
 103100 103100 0.9768503543979928 0.13022689278539873 -0.3884212298922497 0.46355734011329025 -0.8860669232214299 1.0
 103300 103300 0.9834429160922381 0.13911224455054821 -0.3845260902949342 0.4583820730434405 -0.8887552391476509 1.0
 103500 103500 0.9834508750873014 0.14028613683511712 -0.38508462944121147 0.4497269356561279 -0.8931661006472139 1.0
 104310 104310 1.753963569786427 0.7409853524860434 -0.4056715229505321 0.9569411634980592 -0.2902819484621471 1.0
 104510 104510 1.7667779126500711 0.7456801068805087 -0.40098818369023453 0.9507079427698002 -0.31008774170291586 1.0
 104720 104720 1.7716806781550778 0.7484802901658272 -0.4018265099000745 0.9487910009319978 -0.3159044737740476 1.0
 105710 105710 2.7731816769260846 -0.10350214381011513 -0.4238831933046256 0.8425226649142132 0.5386608943536298 1.0
 105910 105910 2.795376762138028 -0.09280577821698416 -0.42681938277000225 0.839267697985693 0.5437184299964418 1.0
 106920 106920 3.6720980207275344 -0.8764483806728061 -0.44916195309566115 0.8501019583396752 0.5266181353001899 1.0
 107120 107120 3.6748928874141766 -0.8874114134404855 -0.44049851957140856 0.8519228701043106 0.5236672831037222 1.0
 108160 108160 4.6224674024956816 -1.6872007591483413 -0.4577929488797801 0.8563933588694631 0.5163239437448925 1.0
 108360 108360 4.626929771767463 -1.696453287328028 -0.45711658004449 0.8598501539379892 0.5105464844387982 1.0
 109380 109380 5.60527013788782 -2.4249695749929843 -0.4879035272271296 0.7854288055114972 0.6189520106379676 1.0
 109580 109580 5.612008396889721 -2.4416127290062053 -0.48617073741404654 0.8060273031381966 0.5918783545592504 1.0
 109780 109780 5.612886969140234 -2.4442191741206263 -0.48694319035339917 0.8167844405833229 0.5769429587238137 1.0
 110780 110780 5.411406246477017 -3.531043357887815 -0.5089394677683963 -0.5318413230307216 0.8468440276207488 1.0
 110980 110980 5.419385880630171 -3.5529231049012933 -0.5060795896660429 -0.528085948728346 0.8491909271510634 1.0
 111180 111180 5.420724164615702 -3.54961103976313 -0.5067908813626765 -0.5326905160432074 0.8463101169888148 1.0
 112040 112040 4.562469037375532 -4.363274444759551 -0.525912230654173 -0.5678002730124502 0.8231663561923477 1.0
 112250 112250 4.5535152809527135 -4.3855847192734085 -0.5236537834393336 -0.5741958499060875 0.8187179770535309 1.0
 112450 112450 4.550488705182417 -4.387584275818126 -0.5248024783564026 -0.577963085715716 0.8160629090639814 1.0
 113410 113410 3.3465709393487995 -4.606289727420787 -0.5419417436082479 -0.919671191055499 -0.39268931783607236 1.0
 113610 113610 3.316520309149194 -4.617371723768859 -0.5316781038255511 -0.9269196808426574 -0.3752597837052967 1.0
 114660 114660 2.4035936581679 -3.7426527425707024 -0.543184438350971 -0.8611393006013258 -0.5083690637321074 1.0
 114860 114860 2.38241900953577 -3.7373663080542867 -0.5391080602260742 -0.8587040326953469 -0.5124718375020705 1.0
 115860 115860 1.3610451583513028 -3.0005330619260886 -0.5581900461485597 -0.8875576260689749 -0.4606967119557135 1.0
 116060 116060 1.3555609129722614 -2.992297938546566 -0.5630790293257479 -0.8878819015424376 -0.4600714389237665 1.0
 117020 117020 0.3988519590868089 -2.172782925488498 -0.5792207243459319 -0.8416524108052876 -0.5400196472218834 1.0
 117220 117220 0.38480563006965707 -2.16236871961461 -0.5667175288858026 -0.8420855426922205 -0.5393439892950959 1.0
 117420 117420 0.3842070303130548 -2.1649716245326074 -0.5670233059410993 -0.8360618530707782 -0.5486351955897986 1.0
 118200 118200 -0.2922079417531869 -1.266941232054819 -0.5724617729823926 -0.1358660583047052 -0.9907272148279477 1.0
 118400 118400 -0.29416997714834264 -1.273973044255415 -0.5670507422536658 -0.1562748417233094 -0.9877136092230149 1.0
 118610 118610 -0.2955251249595893 -1.273256384548963 -0.5682274969053038 -0.1552369461974007 -0.9878772649146782 1.0
 119440 119440 0.636834484264229 -0.36350580613888833 -0.5963882303952902 0.5829449962207292 -0.8125116192284354 1.0
 119640 119640 0.6468726170129102 -0.34061965227337826 -0.5926212930742353 0.5826280429057417 -0.8127389270976414 1.0
 120670 120670 1.560664684640982 0.4978506747227845 -0.6028818678819007 0.8013576618131214 -0.5981855045497233 1.0
 120870 120870 1.5835597269043515 0.515378286363732 -0.5912251007708346 0.7842326694971135 -0.6204668565632102 1.0
 