819.03
819.30
819.70 
822.00 
822.97 
823.22 
824.20 
824.40 
825.43 
825.63 
826.60 
826.84 
827.85 
828.05 
828.98 
829.23 
830.20 
830.40 
831.39 
831.67 
832.70 
832.92 
833.92 
834.20 
835.19 
835.4 
836.4 
836.61 
837.59 
837.87 
838.85 
839.08 
840.06 
840.33 
841.32 
841.55 
842.48 
842.70 
843.63 
843.82 
844.76
844.91 
845.91 
846.17 
847.07 
847.30 
848.28 
848.51 
849.47 
849.80 
850.77 
851.19 
851.85 
852.31 
853.15 
853.42 
854.3 
854.51 
855.45 
855.71 
856.62 
856.9 
857.79 
858.01 
858.98 
859.21 
860.15 
860.4 
861.36 
861.6 
862.58 
862.83 
863.80 
864.02 
865.09 
865.32 
866.10 
866.5 
867.15
867.40 
