1125.94  1
1126.01  1
1127.61  1
1128.53  1
1128.84  1
1129.62  1
1129.82  1
1130.46  1
1130.84  1
1131.63  1
1131.8  1
1132.58  1
1132.72  1
1133.56  1
1133.57  1
1133.58  1
1133.59  1
1133.6  1
1133.61  1
1133.62  1
1133.63  1
1133.64  1
1133.65  1
1133.66  1
1133.67  1
1133.68  1
1133.69  1
1133.7  1
1133.71  1
1133.72  1
1133.73  1
1133.74  1
1133.75  1
1133.76  1
1133.77  1
1134.6  1
1134.85  1
1135.37  1
1135.76  1
1136.57  1
1136.72  1
1137.51  1
1137.68  1
1138.47  1
1138.59  1
1139.49  1
1139.8  1
1141.69  1
1141.93  1
1142.71  1
1142.95  1
1143.66  1
1143.8  1
1144.64  1
1144.94  1
1145.51  1
1145.91  1
1146.6  1
1146.88  1
1147.6  1
1147.76  1
1148.54  1
1148.7  1
1149.54  1
1149.83  1
1150.42  1
1150.8  1
1151.57  1
1151.88  1
1152.63  1
1152.8  1
1153.57  1
1153.8  1
1154.56  1
1154.75  1
1155.41  1
1155.80  1
1156.49  1
1156.77  1
1157.56  1
1157.83  1
1158.57  1
1158.89  1
1159.63  1
1159.86  1
