   5.1416899999999998e+02
   5.1437000000000000e+02
   5.1457000000000005e+02
   5.1477999999999997e+02
   5.1498000000000002e+02
   5.1519000000000005e+02
   5.1539999999999998e+02
   5.1807000000000005e+02
   5.1820999999999997e+02
   5.1921899999999997e+02
   5.1930899999999997e+02
   5.2046000000000004e+02
   5.2066899999999998e+02
	 5.2187000000000000e+02
   5.2207000000000005e+02
   5.2320000000000003e+02
   5.2340899999999998e+02
   5.2430000000000000e+02
   5.2455000000000005e+02
   5.2550000000000000e+02
   5.2565000000000000e+02
   5.2675000000000000e+02
   5.2701000000000000e+02
   5.2768000000000006e+02
   5.2782000000000000e+02
   5.2820000000000004e+02
   5.2915000000000005e+02
   5.2940000000000000e+02
   5.3036000000000000e+02
   5.3055000000000002e+02
   5.3151000000000000e+02
   5.3171000000000000e+02
   5.3270000000000000e+02
   5.3291000000000000e+02
   5.3390000000000000e+02
   5.3407000000000000e+02
   5.3440000000000000e+02
   5.3510000000000000e+02
   5.3540000000000000e+02
   5.3565000000000000e+02
   5.3659000000000000e+02
   5.3680000000000000e+02
   5.3775000000000000e+02
   5.3791000000000000e+02
   5.3900000000000000e+02
   5.3911000000000000e+02
	 5.4010000000000000e+02
   5.4025000000000000e+02
   5.4040000000000000e+02
   5.4123000000000000e+02
   5.4175000000000000e+02
   5.4228000000000000e+02
   5.4250000000000000e+02
   5.4275000000000000e+02
   5.4356000000000000e+02
   5.4369000000000000e+02
   5.4380000000000000e+02
   5.4474000000000000e+02
   5.4493000000000000e+02
   5.4585000000000000e+02
   5.4605000000000000e+02
   5.4698000000000000e+02
   5.4715000000000000e+02
   5.4813000000000000e+02
   5.4835000000000000e+02
   5.4860000000000000e+02
   5.4977000000000000e+02
   5.5000000000000000e+02
   5.5098000000000000e+02
   5.5122000000000000e+02
   5.5222000000000000e+02
   5.5240000000000000e+02
   5.5255000000000000e+02
   5.5275000000000000e+02
