%Raw shoe 1 data: timestamp ignore x y z angle 1 angle 2 angle 3
 500060 500060 0.0 0.0 0.0 -0.9260291615296216 0.37745197309955353 1.0
 500270 500270 6.558977160223872E-6 -3.305045797881454E-6 2.3308274240946783E-5 -0.9263628192765887 0.3766323499939035 1.0
 500470 500470 1.0136605611687924E-5 -6.877435704417745E-6 4.794551817442794E-5 -0.9268455659711872 0.37544280102240585 1.0
 500680 500680 1.1384907571779275E-5 -4.451862453706527E-6 8.256559864966724E-5 -0.9271740499663131 0.37463085973937676 1.0
 500890 500890 2.9877085065960964E-5 -1.4363782005741193E-5 1.1064247621750575E-4 -0.9273529183905214 0.3741878736044009 1.0
 501100 501100 3.265328020601329E-5 -1.839886751920123E-5 1.321041266809372E-4 -0.928246657596372 0.3719652438886779 1.0
 501310 501310 3.7998607324890774E-5 -2.300646339496696E-5 1.6476246515723862E-4 -0.9287490289304617 0.37070910598570994 1.0
 501520 501520 4.0991936871104934E-5 -3.426770215895362E-5 2.055962638890515E-4 -0.9284729497059591 0.37140002916574427 1.0
 501720 501720 6.285624519309685E-5 -3.127627793591946E-5 2.2726723565588707E-4 -0.928103101164404 0.37232329178956297 1.0
 501930 501930 7.437595481895583E-5 -3.2839431898635374E-5 2.520805648671842E-4 -0.9281989116504665 0.372084372704484 1.0
 502140 502140 8.17525362404897E-5 -4.013226040719979E-5 2.778720189195102E-4 -0.9283460113332176 0.3717172086972911 1.0
 502350 502350 8.477916968775671E-5 -3.9539431737530616E-5 3.0434931723890413E-4 -0.9284422572378618 0.3714767489023561 1.0
 502560 502560 1.0000726038054115E-4 -3.8142230291914826E-5 3.285420482663542E-4 -0.9284116228367223 0.3715533051685635 1.0
 502770 502770 1.0556325489925994E-4 -3.864338370774114E-5 3.5194208557071024E-4 -0.9286041615003301 0.3710718410823825 1.0
 502970 502970 1.1811445640761601E-4 -3.8738589849277393E-5 3.7670416809082734E-4 -0.9282959155049846 0.37184229621811776 1.0
 503180 503180 1.3392155595935972E-4 -3.7452911119503425E-5 4.0046205545925484E-4 -0.9285516545469332 0.37120321232197434 1.0
 503390 503390 1.3143002443325496E-4 -3.398749846891949E-5 4.3114544181820053E-4 -0.9288234218318263 0.3705226727969791 1.0
 503600 503600 1.4820215199760558E-4 -4.285635773142977E-5 4.553843140169908E-4 -0.9293204674137842 0.3692742461177406 1.0
 503810 503810 1.523964802254087E-4 -4.045695804335387E-5 4.8139733890733286E-4 -0.9297517655625722 0.36818698297642155 1.0
 504020 504020 1.647875060114631E-4 -5.2187636821081186E-5 5.118749114305059E-4 -0.9308706871959025 0.3653488247133529 1.0
 504220 504220 1.8246194691363184E-4 -3.758521124307317E-5 5.104301287401694E-4 -0.9303156482597162 0.36675985958540214 1.0
 504430 504430 1.857918968979881E-4 -2.107057894903483E-5 4.987358260820462E-4 -0.9290999243345196 0.3698287855232336 1.0
 505460 505460 0.35057521114244067 -0.15486901133774256 0.03333185749973115 0.44988655257864546 0.8930857124648797 1.0
 505660 505660 0.3911979750087153 -0.155846135542491 0.025535738835472468 0.4489697777261947 0.8935469426328375 1.0
 505870 505870 0.39270404516039437 -0.16048623176889884 0.025092438312266607 0.4619729412922863 0.8868940193246055 1.0
 506700 506700 1.2154841296184289 -1.0609655755796654 9.739135859915904E-5 0.7845344480313766 0.6200852359572054 1.0
 506910 506910 1.215949104922299 -1.0825989365529454 0.01676401564279923 0.7834404842914302 0.6214668193662548 1.0
 507850 507850 2.1393467548144267 -1.6576322520204296 -0.012633621780934782 0.9872035344178758 -0.15946529914954516 1.0
 508060 508060 2.165302732188548 -1.6629222710555858 -0.001752285144510267 0.9866203499615349 -0.16303461301753822 1.0
 508270 508270 2.1727814296392034 -1.6577330970418944 -0.002470842299627683 0.985040457927035 -0.17232323188385626 1.0
 509000 509000 2.548961703127922 -1.363412635284035 -0.02193223890818557 0.5291046499740321 -0.848556579949656 1.0
 509210 509210 2.5589195903463056 -1.3627983288168084 -0.021933177065475058 0.5229426709273285 -0.852367856575664 1.0
 509410 509410 2.558702711815669 -1.3643457503197542 -0.02191059864328038 0.5210660889700991 -0.8535163331333531 1.0
 509620 509620 2.5583648798655703 -1.365577694746212 -0.021909130705246707 0.519293114037712 -0.8545961980450275 1.0
 509830 509830 2.5501356994731426 -1.3824121524174193 -0.02174915918000859 0.5183814502367488 -0.8551495027481716 1.0
 510040 510040 2.548046014708652 -1.3865149280501987 -0.02180314104456583 0.5202646342201334 -0.8540050997387492 1.0
 510250 510250 2.544636933164782 -1.3935281657938041 -0.02163588265961508 0.5119489621640247 -0.8590158672220077 1.0
 510460 510460 2.542064329750528 -1.3985418947849348 -0.02168626830508631 0.5132168726403802 -0.8582589595438126 1.0
 510660 510660 2.5416253196211476 -1.3994426691059156 -0.021650222431665072 0.5127077254142415 -0.8585632115928068 1.0
 510870 510870 2.5409139191177172 -1.400851538122185 -0.021633789089893003 0.5138831384418806 -0.8578601984152913 1.0
 511080 511080 2.540385145902885 -1.4019129784895052 -0.021606503064832576 0.5185211067081902 -0.8550648290615827 1.0
 511290 511290 2.539945070825969 -1.4027943843132642 -0.021572178907737615 0.5223581429801216 -0.852726199000804 1.0
 511500 511500 2.5395491849423317 -1.4036086110966774 -0.021539336131003887 0.5253760434723151 -0.8508701504609125 1.0
 511710 511710 2.539186846122261 -1.4043139253132613 -0.021509251712064078 0.5280839943808932 -0.8491921424970446 1.0
 511910 511910 2.5388857594245122 -1.404939609414221 -0.021484114864704335 0.5305792586719725 -0.8476353285860023 1.0
 512120 512120 2.5385854316342047 -1.4055574604363 -0.02145672023798261 0.5323081363614439 -0.8465506765477223 1.0
 512320 512320 2.538339822941264 -1.4060551232163867 -0.02142697858931164 0.5361012716961377 -0.8441536746859448 1.0
 512530 512530 2.538161764877935 -1.4064120426247462 -0.021380573692768818 0.5388022288617449 -0.842432286996181 1.0
 512730 512730 2.5382899420721823 -1.4062262250051354 -0.021382779651356966 0.5428178525699155 -0.8398504503370737 1.0
 513350 513350 2.4870303353127956 -1.5452569176224764 -0.11288784709749196 0.567084444169705 -0.8236596585852294 1.0
 513559 513559 2.4241942534243384 -1.6650192080893493 -0.3693861566024913 0.5565360617966598 -0.8308234541223932 1.0
 513760 513760 2.423360752815929 -1.668972235012811 -0.3744857356543706 0.5555562523979845 -0.8314789536852433 1.0
 513960 513960 2.424971508098492 -1.6673520467423129 -0.37513992035982946 0.5563658726880695 -0.830937431885243 1.0
 514169 514169 2.4257104645345207 -1.666471782462496 -0.37519476267805846 0.557611369114388 -0.8301021389168791 1.0
 514370 514370 2.4258085937852405 -1.6664125821709894 -0.37517362915189334 0.5535941362017646 -0.8327866067384982 1.0
 514570 514570 2.425475933602539 -1.6668626031827365 -0.37517098743329025 0.5601638506206139 -0.8283818325252471 1.0
 514780 514780 2.425548002791887 -1.6667939440859558 -0.37513625694003677 0.5642340722782492 -0.8256148688585395 1.0
 514980 514980 2.4255317140891144 -1.6668275169487277 -0.37511561055346837 0.5661855139051941 -0.8242778438390245 1.0
 515190 515190 2.425514766223971 -1.666865038532227 -0.375098851893754 0.5679243639494386 -0.8230807474559381 1.0
 515400 515400 2.4255020231231224 -1.6668963709008335 -0.3750717219004427 0.5679190969951412 -0.8230843816208782 1.0
 515600 515600 2.4254771828847415 -1.6669380906668 -0.3750489838133309 0.5677457251359401 -0.8232039793331088 1.0
 515809 515809 2.425448385575509 -1.6669784684722084 -0.3750285057995783 0.567710813958293 -0.823228055714097 1.0
 516010 516010 2.4254282595062966 -1.6670159329846939 -0.37500234271637983 0.5675249505988923 -0.8233561990097147 1.0
 516210 516210 2.425405679358654 -1.6670579600581303 -0.37498096828217675 0.5680342692825032 -0.8230049021243389 1.0
 516419 516419 2.4253862189820232 -1.667091670151379 -0.37495991800274797 0.5685969046151291 -0.8226162896892413 1.0
 516620 516620 2.425338937430494 -1.6671549394847835 -0.3749568066693383 0.5724753059786174 -0.8199219621675519 1.0
 516820 516820 2.425374256099415 -1.6671514730918005 -0.37490895734918833 0.5777652374570323 -0.8162029958204142 1.0
 517030 517030 2.425319982507627 -1.6671921170346902 -0.37493998131259193 0.5679505562491513 -0.8230626741969773 1.0
 517590 517590 2.1972880712455187 -1.7525189071961684 -0.40991710729374303 -0.8620448766405925 -0.5068319550479289 1.0
 517860 517860 2.2800345708576257 -1.743640353961058 -0.3591472209266889 -0.9309941478580654 -0.36503410341231746 1.0
 518070 518070 2.2070703028134018 -1.7510818303450608 -0.36076430295346124 -0.9319365706455687 -0.3626213290657031 1.0
 518280 518280 2.202586936335729 -1.7493573616415545 -0.3607610754394533 -0.9375365433882537 -0.3478868060326593 1.0
 519100 519100 1.0496598975215778 -1.2690990625587024 -0.38128343702257833 -0.9096078980412937 -0.41546777470809876 1.0
 519309 519309 1.0586471779033129 -1.2514491656166786 -0.3852356319105864 -0.9100521332845516 -0.4144938053870489 1.0
 519510 519510 1.057465413807764 -1.2513912750708596 -0.38562828839860763 -0.9080691100917637 -0.41882035683232055 1.0
 520260 520260 0.44065395311506256 -0.840295801398443 -0.3923817565082834 0.20425827904338062 -0.9789170319502243 1.0
 520460 520460 0.43684799140979297 -0.8402030888785107 -0.38628475282967295 0.19860813055747914 -0.9800789817542581 1.0
 520669 520669 0.4364003475518456 -0.8391559959576192 -0.3858456583372099 0.19170710711639782 -0.9814521817597951 1.0
 520870 520870 0.43621937724824467 -0.8384499169042595 -0.3858727120740341 0.19349198691522052 -0.9811018555683197 1.0
 521870 521870 1.3340460728155663 -1.2896784337348124 -0.39859496001069883 0.8763486233381651 0.4816773716641699 1.0
 522070 522070 1.334248828414544 -1.259355281589896 -0.407330994707299 0.8782182279360353 0.47826012181749994 1.0
 523090 523090 2.4223073416256 -1.9017505707448288 -0.44016809121762845 0.8748086853349755 0.48446853774264004 1.0
 523299 523299 2.4400144226198957 -1.9225377545282611 -0.43013842983009554 0.8741307183762638 0.4856907320414886 1.0
 524250 524250 3.574106316833205 -2.4939127283577927 -0.4503040896730468 0.8790235177335955 0.47677841317666136 1.0
 524450 524450 3.58932931108159 -2.5042570886869826 -0.44381444119315944 0.8755665864812969 0.48309745666634346 1.0
 525420 525420 4.703561644963178 -3.116668968917862 -0.4683842830555803 0.8809017646425868 0.47329914541395113 1.0
 525620 525620 4.716471910315485 -3.1317611915717776 -0.46261565514869535 0.8784980703021735 0.47774589529932904 1.0
 526670 526670 5.812962897034409 -3.7906858327640487 -0.4782287251374279 0.7049094704211205 0.7092972850015821 1.0
 526870 526870 5.83034691438911 -3.802655934986626 -0.4745213366739456 0.7119275512507699 0.7022529186625587 1.0
 527070 527070 5.8289319347815445 -3.806565037568392 -0.4746343691564942 0.7072626865659492 0.7069508414250004 1.0
 527680 527680 5.685890769231333 -4.182670763914416 -0.4816554770441602 -0.905855811965124 0.42358617532800336 1.0
 527880 527880 5.689931546291063 -4.186834884437263 -0.4847389041895234 -0.9047448032585166 0.4259540362253985 1.0
 528080 528080 5.687475118980419 -4.191770093620304 -0.484387775958034 -0.9023330428047388 0.431039533990493 1.0
 528290 528290 5.688108460138737 -4.190770652287742 -0.4844808884742493 -0.9010991652348707 0.4336130699287319 1.0
 529070 529070 4.764077064516057 -3.601695778362525 -0.5187074162982477 -0.8929750247905258 -0.450106215354065 1.0
 529280 529280 4.737195829055409 -3.619069686840663 -0.5086610053421534 -0.8911221845734277 -0.45376343193461705 1.0
 529480 529480 4.74004004009453 -3.6111957077475063 -0.5094752825405948 -0.890740407938925 -0.4545124043024541 1.0
 530280 530280 3.677806371622965 -3.0325499440499404 -0.5339976215549511 -0.8814168644806148 -0.4723391906344014 1.0
 530480 530480 3.668417712903883 -3.024887712882513 -0.5355649872151507 -0.8786063911133184 -0.4775466568774516 1.0
 531470 531470 2.5367818754004245 -2.487514079992831 -0.5456110321599891 -0.9261081450725429 -0.3772581392498959 1.0
 531680 531680 2.5231936071076344 -2.4798426201773798 -0.5481325001465872 -0.9259859930904503 -0.3775578639100139 1.0
 532640 532640 1.3890262598118577 -1.9184174020369422 -0.5637732509184262 -0.8888441713128054 -0.45820960173620584 1.0
 532840 532840 1.3738125431193997 -1.9149253307909417 -0.5539893474873295 -0.8883959786042762 -0.4590779728975792 1.0
 533870 533870 0.38607865934417823 -1.3493229860277873 -0.5730316811038577 -0.6533208799763006 -0.7570811236498981 1.0
 534070 534070 0.3773759209704226 -1.3535231078679604 -0.577371631074053 -0.6666538362368012 -0.7453674681865021 1.0
 534280 534280 0.3793346353002001 -1.3509681627938663 -0.5768953361893016 -0.6700149333094169 -0.7423476201500061 1.0
 534970 534970 0.7076829358707089 -1.11107271766545 -0.5810898196861858 0.9999329433794812 -0.011580532994949322 1.0
 535180 535180 0.7056043181300543 -1.1029237939202736 -0.5816399235647879 0.9999806587420407 -0.006219496911679909 1.0
 535380 535380 0.7068425287360351 -1.0996226430612768 -0.5812855207509051 0.9999614377260658 0.008781973628936712 1.0
 535580 535580 0.7039062697258911 -1.1055077446890698 -0.5812680918243177 0.9999975958713552 -0.002192772562287856 1.0
 536530 536530 1.7137315673834153 -1.7194086681523286 -0.6129916093758191 0.8590098289668121 0.5119590938135666 1.0
 536730 536730 1.7339763339462737 -1.7161823595451935 -0.6086235447995951 0.8514338160232958 0.5244620643402231 1.0
 537690 537690 2.859191541169021 -2.3228988027145436 -0.632526394143905 0.8644089639710311 0.5027893624635754 1.0
 537900 537900 2.8733562510141453 -2.3368475043443313 -0.6196042395580681 0.8616715971900346 0.5074663127696012 1.0
 538820 538820 3.9288704284335734 -3.016016739384921 -0.6466422998002544 0.8516673161208332 0.5240828013315612 1.0
 539030 539030 3.9358992440128477 -3.0301864323123358 -0.6434197786585351 0.8485782805305815 0.5290698458726992 1.0
 540010 540010 4.967914197633394 -3.618020184283187 -0.6688500761427187 0.8970257317260856 0.4419783214381455 1.0
 540210 540210 4.973608717986048 -3.628039162165078 -0.6647486966517984 0.8980996732015236 0.4397919701351044 1.0
 540420 540420 4.975051428789386 -3.6298640775532083 -0.6654509585332802 0.8970541950562009 0.4419205484383719 1.0
 541130 541130 5.56338268194481 -3.9206130718957635 -0.6897299426302476 0.9999109432664965 -0.013345618603316744 1.0
 541330 541330 5.56410483179061 -3.933208704838494 -0.6869790445122796 0.9999832945661973 -0.005780189316452415 1.0
 541540 541540 5.5639815438600655 -3.9336413045996665 -0.6869924205847726 0.9999943170825757 -0.0033713205948367984 1.0
 541740 541740 5.563206689480582 -3.935393080293754 -0.6870362654367356 0.9999966750044322 0.0025787555293157283 1.0
 542230 542230 5.438813513260194 -4.053754049724274 -0.6852732806209977 -0.5462654534172249 -0.8376121145272875 1.0
 542440 542440 5.43624886648825 -4.0578030791725785 -0.6908675972400167 -0.5350490762407357 -0.8448209786776932 1.0
 542650 542650 5.43788801034461 -4.055330975363864 -0.6907901017719666 -0.5360638772729158 -0.8441774218036918 1.0
 543460 543460 4.901913675673965 -3.750596908610962 -0.7112938282226929 -0.8661972343612437 -0.49970226253733596 1.0
 543670 543670 4.888834652966069 -3.7412764279647615 -0.7068972916366344 -0.8658466658508112 -0.5003094554723443 1.0
 543870 543870 4.886484119834947 -3.740213004066608 -0.7072521963016132 -0.8694260034237502 -0.4940631787237388 1.0
 544670 544670 3.8284042778246654 -3.116298880155796 -0.7230552350209899 -0.8763311890920895 -0.48170908962198805 1.0
 544870 544870 3.8203401603668965 -3.111914066235563 -0.717868963946593 -0.8772868924170488 -0.4799663617309419 1.0
 545790 545790 2.744294026344521 -2.5067269212795344 -0.743261753840332 -0.8519086297080278 -0.5236904492436256 1.0
 545990 545990 2.727221882847909 -2.497362888700339 -0.7362321908703919 -0.8529370931532936 -0.5220137116237559 1.0
 546920 546920 1.6901520525225342 -1.7486298184816915 -0.7599587765418776 -0.8232352668601245 -0.5677003570526794 1.0
 547120 547120 1.680573213318064 -1.7354056343682471 -0.7541994323343195 -0.8227483363734097 -0.568405818931146 1.0
 548080 548080 0.695986922677887 -1.1633941937323125 -0.7746687240063642 -0.9052260065783759 -0.4249304378532634 1.0
 548290 548290 0.683789265750558 -1.1579504050270426 -0.7621969720376841 -0.9017828857725844 -0.43218934152483446 1.0
 548490 548490 0.6854877166876518 -1.156385485679517 -0.7619351196607396 -0.9003485066959498 -0.43516958359974256 1.0
 549570 549570 0.9993571605346981 -1.2383958806836886 -0.7689701140183823 0.7332443364393189 0.6799652513766148 1.0
 549780 549780 0.9961264351869707 -1.2113872888220798 -0.779611544380261 0.7191831585542834 0.6948205411844733 1.0
 549980 549980 0.997417825677214 -1.2109864744175607 -0.7796234776355416 0.7159684863614147 0.6981325995377559 1.0
 550890 550890 1.9745529299171536 -1.7309893806854908 -0.8037463687490201 0.9562463487654429 0.29256267785341133 1.0
 551090 551090 1.9882936094362136 -1.753373252569248 -0.7946417953456877 0.9583864296655032 0.28547408189362744 1.0
 551300 551300 1.9911047951443392 -1.7515679548638226 -0.7950960988656747 0.9551885802937807 0.29599793255418444 1.0
 552120 552120 2.7223038889320312 -1.6611405693374928 -0.8055515237798374 0.692643137152803 -0.7212804479223899 1.0
 552320 552320 2.7318032039595885 -1.6641282951475986 -0.802816257985976 0.6881326158127281 -0.7255849385528426 1.0
 552530 552530 2.733184016047457 -1.664842837636633 -0.8028512977433381 0.691202437065722 -0.7226611868603479 1.0
 552730 552730 2.7350570088676487 -1.6649406520481231 -0.8029562602807451 0.6919870487195768 -0.7219099143275219 1.0
 553320 553320 2.65633677013089 -1.7858942041056753 -0.8820420204813235 0.5686869827390831 -0.8225540199057553 1.0
 553530 553530 2.5563137142757775 -1.883480707303026 -1.0834219112767698 0.5608194739996055 -0.8279381121695062 1.0
 553730 553730 2.5487925630603185 -1.8871138246359318 -1.0876440399455571 0.510169184479962 -0.8600740684423932 1.0
 553940 553940 2.5481771864223224 -1.8879544699371194 -1.088241940353875 0.5121678690864786 -0.8588853671331325 1.0
 554150 554150 2.548149851071278 -1.888137248004992 -1.0882935402461962 0.5147424933823534 -0.8573448346531971 1.0
 554350 554350 2.548174343857662 -1.888181134529796 -1.0882756926806985 0.5148865386754616 -0.857258334628951 1.0
 554560 554560 2.5481880096123537 -1.888199486669816 -1.0882470745066686 0.5155342194895461 -0.8568689914656175 1.0
 554760 554760 2.5482213210924543 -1.8882004809716098 -1.0882169060504343 0.5153986915517244 -0.8569505170934729 1.0
 554960 554960 2.548254125349178 -1.8881988222498698 -1.0881908136630642 0.51563420614241 -0.8568088266678201 1.0
 555170 555170 2.548290637250339 -1.8881979143461862 -1.0881676572615004 0.5159934230876194 -0.8565925445217937 1.0
 555370 555370 2.5483307037730056 -1.888199758443228 -1.0881462401655317 0.5166593104665657 -0.8561910749991575 1.0
 555570 555570 2.54836446133117 -1.888197809395237 -1.0881244503967593 0.5170350114677007 -0.8559642497888534 1.0
 555780 555780 2.5484082092292457 -1.8881925622919962 -1.088094776022587 0.5172312556963329 -0.8558456800912152 1.0
 555980 555980 2.5484463621788027 -1.888199841871515 -1.088068100295166 0.5173226140464477 -0.8557904609167772 1.0
 556190 556190 2.548486536695278 -1.8881984105607998 -1.0880450884284025 0.517473215858187 -0.8556994045045178 1.0
 556400 556400 2.5485261217466766 -1.8881973835332806 -1.088022309435794 0.5180696560780919 -0.8553384309448089 1.0
 556600 556600 2.5485681383913823 -1.8881939885529788 -1.0879946950005777 0.519035343475754 -0.8547527784236832 1.0
 556810 556810 2.5486083571724825 -1.8881928498077027 -1.0879661197956416 0.5213133400145898 -0.8533653388337452 1.0
 557010 557010 2.548646750343943 -1.8881909223848927 -1.0879372022849785 0.521316443025933 -0.8533634432238054 1.0
 557210 557210 2.548677898204575 -1.8881946626703763 -1.0879111617087447 0.520559544175204 -0.8538253691289008 1.0
 557420 557420 2.5487119920916124 -1.8882020141660452 -1.0878844606335958 0.5198293376913445 -0.8542701327304953 1.0
 557620 557620 2.5487452689811594 -1.8882052357471961 -1.0878637842303032 0.5194544373770589 -0.8544981494943586 1.0
 557820 557820 2.548786880667969 -1.888201320736482 -1.0878359615947912 0.5198242095887765 -0.8542732531956059 1.0
 558030 558030 2.548826792325355 -1.888199770924724 -1.0878114970649555 0.5194059196948217 -0.8545276417916371 1.0
 558230 558230 2.548863803135209 -1.888195621973395 -1.0877901279239297 0.5203040989874782 -0.8539810563337037 1.0
 558440 558440 2.5489140177606617 -1.8881843806058376 -1.087764485193899 0.5203275661035779 -0.8539667581075547 1.0
 558650 558650 2.548962011954094 -1.8881769065355671 -1.087740490163769 0.5209719944316409 -0.8535737701088983 1.0
 558850 558850 2.5490026045257195 -1.8881708319889041 -1.0877133137906394 0.5211258318456974 -0.8534798576317604 1.0
 559060 559060 2.5490426797023877 -1.8881651026113213 -1.0876891216428723 0.5216988153965558 -0.8531297357458772 1.0
 559260 559260 2.549081635219116 -1.888155234194838 -1.0876627959878555 0.5219801617418911 -0.8529576254116668 1.0
 559460 559460 2.5491196713988247 -1.8881487192467266 -1.0876391018574703 0.5220714937534275 -0.8529017267013034 1.0
 559670 559670 2.5491585896732203 -1.8881370863477265 -1.0876119092859529 0.5235390291486368 -0.8520016930488477 1.0
 559870 559870 2.549199891618434 -1.8881272217450389 -1.0875862632321296 0.5245927721732858 -0.851353289406664 1.0
 560070 560070 2.549241761824708 -1.888121308358505 -1.0875580130468012 0.5243748539565313 -0.8514875292909853 1.0
 560280 560280 2.5492809860878634 -1.8881137859019705 -1.0875323616965022 0.5249339224305246 -0.8511429827483182 1.0
 560480 560480 2.5493181598899746 -1.8881064189632508 -1.0875137394868386 0.5258498092652895 -0.8505774380358667 1.0
 560690 560690 2.5493616526260743 -1.888103757071932 -1.0874867522274407 0.5274640294513445 -0.8495773641258053 1.0
 560900 560900 2.5494141887448323 -1.8880952805829965 -1.087450828259074 0.5276102709341497 -0.8494865519858411 1.0
 561100 561100 2.5494469071475945 -1.8880938943828944 -1.0874315497700935 0.526810079617025 -0.8499830233680575 1.0
 561310 561310 2.5494862870592394 -1.8880931225263837 -1.0874044652061032 0.526912841222503 -0.8499193242625027 1.0
 561510 561510 2.5495193791362243 -1.8880916711433848 -1.0873839036164095 0.5270158850435407 -0.8498554329483183 1.0
 561710 561710 2.549553828409431 -1.8880904676010157 -1.0873626740456441 0.5273588096561268 -0.8496426812949506 1.0
 561920 561920 2.5495936998815107 -1.8880828723716567 -1.0873340267741605 0.5278384430574913 -0.8493447933734823 1.0
 562120 562120 2.549621554283747 -1.888076904981749 -1.0873127047464342 0.5280184371013653 -0.849232906852432 1.0
 562320 562320 2.54964927097544 -1.888074697182066 -1.087289493624984 0.5281152545872911 -0.8491727020295698 1.0
 562530 562530 2.5496744340993236 -1.8880741292321452 -1.0872630645601729 0.5289885622168184 -0.8486289536916491 1.0
 562730 562730 2.5497003473131086 -1.888069782057888 -1.0872365345060242 0.5294826978304215 -0.848320736925733 1.0
 562940 562940 2.549727178142389 -1.8880653416972277 -1.0872107584701753 0.5298424118686798 -0.8480961140019334 1.0
 563150 563150 2.5497499934606624 -1.8880641605493662 -1.0871834952712796 0.5299228670095878 -0.8480458448812415 1.0
 563350 563350 2.5497681582730434 -1.8880638869059179 -1.0871589952384755 0.5302588368110004 -0.8478358131052527 1.0
 563560 563560 2.5497921174488276 -1.8880577682408097 -1.0871346304145395 0.5303379204425684 -0.8477863469888224 1.0
 563760 563760 2.5498153180448884 -1.8880523524139523 -1.0871103488106 0.5307924379867075 -0.8475018511933335 1.0
 563960 563960 2.549838299712719 -1.888048154266821 -1.0870842947505617 0.5314340431945827 -0.8470996740253525 1.0
 564170 564170 2.5498639934688447 -1.8880415895397442 -1.087059550131065 0.5321621823471764 -0.8466424343720852 1.0
 564370 564370 2.549891054895058 -1.8880351638954063 -1.0870290562252423 0.5321737828425205 -0.8466351427002554 1.0
 564570 564570 2.5499076628852992 -1.8880247499604375 -1.0870053023629187 0.5323888324406303 -0.8464999297652083 1.0
 564780 564780 2.5499318531779975 -1.8880149702040303 -1.08697816598206 0.5326247439106706 -0.8463515121827884 1.0
 564980 564980 2.549952478697471 -1.8880093390482564 -1.086954108435405 0.5330357539822638 -0.8460927165367632 1.0
 565190 565190 2.549975769259975 -1.8880069384793954 -1.0869284634611491 0.533202035279575 -0.8459879370143045 1.0
 565400 565400 2.550001557688686 -1.888004082450128 -1.0869014606155576 0.5338725170329748 -0.8455649800913446 1.0
 565600 565600 2.550027315943505 -1.8880002680259518 -1.0868762194973036 0.5339089894208001 -0.8455419510678698 1.0
 565810 565810 2.550052299940893 -1.8879987187636849 -1.0868503462947063 0.5339972452769335 -0.8454862163492948 1.0
 
