   2.9607999999999998e+02
   2.9629000000000002e+02
   2.9650000000000000e+02
   2.9670999999999998e+02
   2.9691000000000003e+02
   2.9712000000000000e+02
   2.9732999999999998e+02
   2.9754000000000002e+02
   2.9775000000000000e+02
   2.9795999999999998e+02
   2.9816000000000003e+02
   2.9837000000000000e+02
   2.9857999999999998e+02
   2.9879000000000002e+02
   2.9900000000000000e+02
   2.9920999999999998e+02
   3.0005000000000001e+02
   3.0025999999999999e+02
   3.0125999999999999e+02
   3.0147000000000003e+02
   3.0244000000000000e+02
   3.0265000000000003e+02
   3.0368000000000001e+02
   3.0388999999999999e+02
   3.0410000000000002e+02
   3.0475999999999999e+02
   3.0497000000000003e+02
   3.0522000000000003e+02
   3.0543000000000001e+02
   3.0563999999999999e+02
   3.0585000000000002e+02
   3.0606000000000000e+02
   3.0626999999999998e+02
   3.0647000000000003e+02
   3.0668000000000001e+02
   3.0688999999999999e+02
   3.0710000000000002e+02
   3.0731000000000000e+02
   3.0751999999999998e+02
   3.0813999999999999e+02
   3.0835000000000002e+02
   3.0856000000000000e+02
   3.0876999999999998e+02
   3.0897000000000003e+02
   3.0918000000000001e+02
   3.0938999999999999e+02
   3.0960000000000002e+02
   3.0981000000000000e+02
   3.1001999999999998e+02
   3.1022000000000003e+02
   3.1043000000000001e+02
   3.1063999999999999e+02
   3.1085000000000002e+02
   3.1168000000000001e+02
   3.1188999999999999e+02
   3.1210000000000002e+02
   3.1284000000000003e+02
   3.1304000000000002e+02
   3.1325000000000000e+02
   3.1345999999999998e+02
   3.1366000000000003e+02
   3.1448000000000002e+02
   3.1469000000000000e+02
   3.1574000000000001e+02
   3.1594999999999999e+02
   3.1616000000000003e+02
   3.1701999999999998e+02
   3.1722000000000003e+02
   3.1743000000000001e+02
   3.1832999999999998e+02
   3.1854000000000002e+02
   3.1875000000000000e+02
   3.1895999999999998e+02
   3.1979000000000002e+02
   3.2000000000000000e+02
   3.2020999999999998e+02
   3.2109000000000003e+02
   3.2129000000000002e+02
   3.2150000000000000e+02
   3.2234000000000003e+02
   3.2254000000000002e+02
   3.2275000000000000e+02
   3.2360000000000002e+02
   3.2381000000000000e+02
   3.2401999999999998e+02
   3.2422000000000003e+02
   3.2500000000000000e+02
   3.2520999999999998e+02
   3.2541000000000003e+02
   3.2562000000000000e+02
   3.2644999999999999e+02
   3.2666000000000003e+02
   3.2687000000000000e+02
   3.2780000000000001e+02
   3.2800999999999999e+02
   3.2822000000000003e+02
   3.2894999999999999e+02
   3.2916000000000003e+02
   3.2937000000000000e+02
   3.2957999999999998e+02
   3.3047000000000003e+02
   3.3068000000000001e+02
   3.3088999999999999e+02
   3.3175999999999999e+02
   3.3197000000000003e+02
   3.3218000000000001e+02
   3.3301999999999998e+02
   3.3322000000000003e+02
   3.3343000000000001e+02
   3.3426999999999998e+02
   3.3447000000000003e+02
   3.3468000000000001e+02
   3.3488999999999999e+02
   3.3573000000000002e+02
   3.3594000000000000e+02
   3.3692000000000002e+02
   3.3713000000000000e+02
   3.3734000000000003e+02
   3.3820999999999998e+02
   3.3841000000000003e+02
   3.3862000000000000e+02
   3.3937000000000000e+02
   3.3957999999999998e+02
   3.3979000000000002e+02
   3.4000000000000000e+02
   3.4084000000000003e+02
   3.4104000000000002e+02
   3.4125000000000000e+02
   3.4210000000000002e+02
   3.4231000000000000e+02
   3.4331999999999999e+02
   3.4353000000000003e+02
   3.4373000000000002e+02
   3.4431999999999999e+02
   3.4453000000000003e+02
   3.4473000000000002e+02
   3.4494000000000000e+02
   3.4575000000000000e+02
   3.4595999999999998e+02
   3.4616000000000003e+02
   3.4642000000000002e+02
   3.4688000000000000e+02
   3.4709000000000003e+02
   3.4729000000000002e+02
   3.4794999999999999e+02
   3.4816000000000003e+02
   3.4837000000000000e+02
   3.4857999999999998e+02
   3.4879000000000002e+02
   3.4900000000000000e+02
   3.4920999999999998e+02
   3.4941000000000003e+02
   3.4962000000000000e+02
   3.4982999999999998e+02
   3.5004000000000002e+02
   3.5025000000000000e+02
   3.5045999999999998e+02
   3.5066000000000003e+02
   3.5087000000000000e+02
   3.5107999999999998e+02
   3.5129000000000002e+02
   3.5150000000000000e+02
   3.5170999999999998e+02
   3.5191000000000003e+02
   3.5212000000000000e+02
   3.5232999999999998e+02
   3.5254000000000002e+02
   3.5275000000000000e+02
   3.5295999999999998e+02
   3.5316000000000003e+02
   3.5337000000000000e+02
   3.5357999999999998e+02
   3.5379000000000002e+02
   3.5400000000000000e+02
   3.5420999999999998e+02
   3.5441000000000003e+02
   3.5462000000000000e+02
   3.5482999999999998e+02
   3.5504000000000002e+02
   3.5525000000000000e+02
   3.5545999999999998e+02
   3.5566000000000003e+02
   3.5587000000000000e+02
   3.5607999999999998e+02
   3.5629000000000002e+02
   3.5650000000000000e+02
   3.5670999999999998e+02
   3.5691000000000003e+02
   3.5712000000000000e+02
   3.5732999999999998e+02
   3.5754000000000002e+02
   3.5775000000000000e+02
   3.5795999999999998e+02
   3.5816000000000003e+02
   3.5837000000000000e+02
   3.5857999999999998e+02
   3.5879000000000002e+02
   3.5900000000000000e+02
   3.5920999999999998e+02
   3.5941000000000003e+02
   3.5962000000000000e+02
   3.5982999999999998e+02
   3.6004000000000002e+02
   3.6025000000000000e+02
