310.8  1
311.7  1
312.09  1
312.88  1
313.69  1
314.5  1
314.78  1
315.77  1
316.16  1
317.05  1
317.54  1
318.38  1
318.95  1
319.81  1
320.19  1
321.12  1
321.5  1
322.39  1
322.86  1
323.63  1
324.34  1
325.2  1
325.58  1
326.47  1
326.95  1
327.84  1
328.38  1
328.99  1
329.63  1
330.49  1
330.91  1
331.79  1
332.21  1
333.05  1
333.5  1
334.3  1
334.95  1
335.76  1
336.12  1
336.95  1
337.36  1
338.25  1
338.69  1
339.4  1
340.03  1
340.87  1
341.26  1
342.12  1
342.48  1
343.35  1
343.75  1
344.35  1
345.01  1
345.77  1
346.19  1
346.9  1
347.41  1
347.97  1
348.05  1
