818.95 
822.01 
822.9 
823.29 
824.14 
824.45 
825.39 
825.69 
826.58 
826.89 
827.78 
828.09 
828.93 
829.26 
830.12 
830.44 
831.34 
831.73 
832.65 
832.99 
833.88 
834.26 
835.14 
835.5 
836.36 
836.68 
837.57 
837.92 
838.78 
839.14 
840.02 
840.39 
841.27 
841.58 
842.43 
842.74 
843.61 
843.85 
844.72 
845.89 
846.21 
847.04 
847.4 
848.28 
848.59 
849.42 
849.84 
850.73 
851.21 
851.79 
852.34 
853.12 
853.46 
854.29 
854.57 
855.45 
855.75 
856.59 
856.93 
857.76 
858.05 
858.96 
859.23 
860.11 
860.42 
861.33 
861.66 
862.56 
862.87 
863.77 
864.04 
865.05 
865.38 
866.05 
866.59 
867.08 
