1125.94 
1126.01 
1127.61 
1128.53 
1128.84 
1129.62 
1129.82 
1130.46 
1130.84 
1131.63 
1131.8 
1132.58 
1132.72 
1133.56 
1133.77 
1134.6 
1134.85 
1135.37 
1135.76 
1136.57 
1136.72 
1137.51 
1137.68 
1138.47 
1138.59 
1139.49 
1139.8 
1141.69 
1141.93 
1142.71 
1142.95 
1143.66 
1143.8 
1144.64 
1144.94 
1145.51 
1145.91 
1146.6 
1146.88 
1147.6 
1147.76 
1148.54 
1148.7 
1149.54 
1149.83 
1150.42 
1150.8 
1151.57 
1151.88 
1152.63 
1152.8 
1153.57 
1153.8 
1154.56 
1154.75 
1155.41 
1155.80 
1156.49 
1156.77 
1157.56 
1157.83 
1158.57 
1158.89 
1159.63 
1159.86 
