1125.94	           0            0            0    0.0771125    -0.310945 -0.000469906     0.947294            0            0            0	-1.23963 0.164899 0.755089  1.06852 0.221905  2.01917	          0           0           0 0.000164083 4.68123e-05 0.000493349 8.08357e-06           0           0           0
1127.61	          0           0           0   0.0853422   -0.310801 0.000744863    0.946636           0           0           0	-1.23963 0.164899 0.755089  1.06852 0.221905  2.01917	          0           0           0 0.000172581 7.03504e-05 0.000499452 1.84104e-05           0           0           0
1128.53	-0.0397785   0.374803  0.0209172   0.037545  -0.305071  -0.142397   0.940875          0          0          0	 -0.643868   -1.33804    0.84289  -0.133607 -0.0444203   0.744929	    0.01119   0.0051364 0.000377647  0.00934574  0.00115042   0.0288234  0.00436229           0           0           0
1128.84	-0.0433403   0.376987  0.0206103  0.0344551  -0.326046  -0.134871   0.935049          0          0          0	-0.443121  -1.84447  0.872475  -0.53867  -0.13416  0.315565	 0.0113241 0.00535517 0.00039077 0.00998834 0.00105572  0.0286449 0.00413174          0          0          0
1129.62	    1.31414  -0.0609863 0.000776024  -0.0052196   -0.317611   -0.229623    0.919983           0           0           0	0.0619824   -3.1187  0.946914  -1.55786 -0.359957 -0.764772	  0.0155206   0.0778258 0.000406025     0.00973 0.000161922   0.0281835  0.00703444           0           0           0
1129.82	    1.31283  -0.0594475 -0.00163443  -0.0132225   -0.339967   -0.211529    0.916244           0           0           0	 0.191496  -3.44543  0.966001  -1.81919 -0.417854  -1.04178	  0.0154267   0.0777455 0.000418186   0.0104151 0.000408838   0.0280689  0.00648014           0           0           0
1130.46	   2.28659   -0.16058 -0.0728069 -0.0768261  -0.303813   -0.45356   0.834314          0          0          0	 -1.21691  -5.17787   1.69137  -2.17746 -0.380678  -1.83442	 0.0277945   0.142318 0.00136976  0.0116222 0.00293905  0.0319162  0.0173507          0          0          0
1130.84	   2.28906  -0.158664 -0.0730921 -0.0783756  -0.313258  -0.449827   0.832696          0          0          0	 -2.05315  -6.20651   2.12206  -2.39018 -0.358605  -2.30505	 0.0276481   0.142503 0.00137346  0.0119834  0.0029987  0.0318544  0.0172079          0          0          0
1131.63	  3.15234  -1.80472 0.0492699 0.0708673 -0.351667   0.13807  0.923171         0         0         0	 0.740769 -0.264695 -0.574258  -2.33605  -1.03054  -1.82912	   0.16163   0.204938 0.00287755  0.0155963 0.00345399  0.0418435 0.00634719          0          0          0
1131.8	  3.15549  -1.80655 0.0507393  0.190422 -0.264363  0.350527  0.878056         0         0         0	 0.615517 -0.162891 -0.486119  -2.10017 -0.885947  -1.62659	  0.161796   0.205189 0.00288844  0.0122534 0.00882628  0.0406988  0.0162472          0          0          0
1132.58	  4.34298 -0.801365 0.0200373  0.190677 -0.245748  0.382799  0.869894         0         0         0	 0.0408308   0.304211 -0.0817157   -1.01791  -0.222515  -0.697375	 0.0723183   0.309589 0.00289056  0.0113907 0.00883815  0.0403205  0.0177431          0          0          0
1132.72	   4.3425 -0.802229   0.01913  0.245597 -0.226629  0.441037  0.832951         0         0         0	 0.193346 -0.954125  0.461268 -0.702992 -0.110919 -0.482198	 0.0723922   0.309544 0.00289224   0.010742  0.0115412  0.0388349  0.0205869          0          0          0
1133.56	  4.75797  0.923026 0.0233778  0.319282  -0.14139  0.666468  0.658702         0         0         0	  0.100808   0.476479  -0.308398   0.348358  -0.300078 -0.0723091	   0.10389   0.348349 0.00502796 0.00753946  0.0156004  0.0317598  0.0322917          0          0          0
1133.77	   4.7536  0.925931 0.0229944  0.306943 -0.173962   0.67127  0.651858         0         0         0	0.0987364  0.430162 -0.278356  0.448844 -0.227539  0.127913	  0.104181    0.34795 0.00504473 0.00852554  0.0150426  0.0319461  0.0328974          0          0          0
1134.6	   4.91458    2.45838 -0.0109929   0.245469  -0.205583   0.549227   0.771901          0          0          0	0.0905476  0.247098 -0.159617     0.846 0.0591598  0.919265	  0.251655   0.362987 0.00504601  0.0100752  0.0120299  0.0378291  0.0269164          0          0          0
1134.85	   4.91085    2.45489 -0.0150695   0.259506  -0.218037   0.549651   0.763544          0          0          0	0.0880811  0.191959 -0.123852  0.965625  0.145515   1.15762	  0.251315   0.362639 0.00504701  0.0106855  0.0127178  0.0374196  0.0269372          0          0          0
1135.37	   5.21929    2.68465 -0.0229246 -0.0100322  -0.315578  -0.264843   0.911136          0          0          0	 0.0829508  0.0772684 -0.0494614    1.21444   0.325133    1.65341	   0.273681    0.391609  0.00504805   0.0154659 0.000494527   0.0446528   0.0129794           0           0           0
1135.76	   5.22166     2.6964 -0.0246661  -0.145496  -0.305611  -0.593394   0.730285          0          0          0	 0.0956233 -0.0372863 -0.0585792     1.0525   0.251495    1.28795	  0.274827   0.391831 0.00504908  0.0153594 0.00731242  0.0367027  0.0298228          0          0          0
1136.57	  4.21246   1.87891 -0.054583 -0.253006 -0.180515 -0.882954  0.351845         0         0         0	  0.121943  -0.275208 -0.0775162   0.716162  0.0985545   0.528906	  0.194912   0.298183 0.00505028 0.00907252  0.0127157   0.017683  0.0443756          0          0          0
1136.72	   4.21434    1.87789 -0.0551824  -0.288218  -0.163289  -0.894947   0.298893          0          0          0	 0.0786044   0.619927 -0.0836667   0.563597  0.0492063   0.375902	  0.194814   0.298353 0.00505128 0.00831199  0.0146161  0.0150759  0.0451286          0          0          0
1137.51	   2.63788    1.45133 -0.0793258  -0.300771 -0.0539109  -0.946061   0.107697          0          0          0	  0.139129  -0.994187 -0.0797201  0.0124869 0.00883491   0.156452	  0.154454   0.173073 0.00672991 0.00373441   0.015947 0.00554464  0.0485574          0          0          0
1137.68	   2.63918    1.45214 -0.0806761  -0.324346 -0.0624267  -0.938543   0.100193          0          0          0	 -0.033045   -0.64682   0.156444  -0.098299 -0.0200183  0.0752161	  0.154529   0.173152 0.00672994 0.00400442  0.0170556  0.0051768  0.0482683          0          0          0
1138.47	   1.10485     1.3306   -0.09382  -0.294873 -0.0846331  -0.948788   0.075426          0          0          0	 0.340414 -0.590503 -0.911162 -0.270668  0.167286 -0.116074	  0.143478   0.152972 0.00788505 0.00440611  0.0153507 0.00392658  0.0493923          0          0          0
1138.59	   1.10566     1.3301  -0.095406  -0.310502 -0.0860928  -0.943481  0.0775958          0          0          0	 0.397142 -0.581948  -1.07333  -0.29685  0.195737 -0.145131	  0.143434    0.15294 0.00788568 0.00448235  0.0161644 0.00403957  0.0491161          0          0          0
1139.49	-0.153419  0.955331 0.0551439 -0.378947 -0.162056 -0.894923  0.171029         0         0         0	  1.67448 -0.556992  -1.49526  0.704821  0.193134  0.118091	  0.111674   0.239566  0.0108118 0.00939772  0.0207295 0.00945513  0.0484077          0          0          0
1139.8	 -0.140911   0.942692  0.0525357  -0.442762 -0.0820265  -0.885157   0.117181          0          0          0	  1.87268  0.902218  -2.38205   1.05126 0.0936113  0.805517	 0.110679  0.238465 0.0108188 0.0055108 0.0243578 0.0067198 0.0484929         0         0         0
1141.69	  2.30958   -1.0934 -0.461541  0.353543  0.235451  0.781841 -0.456393         0         0         0	  1.84701  -1.54584  -1.66057   1.13606 0.0727574   0.57796	 0.165805  0.191773 0.0299408 0.0153234 0.0213626 0.0286758 0.0497176         0         0         0
1141.93	  2.31816   -1.0976  -0.46401  0.426292  0.179644  0.816926 -0.344434         0         0         0	  1.57238 -0.373776  -2.43206   1.07584 0.0529652  0.535954	 0.166197  0.192458  0.029978 0.0121253 0.0263503 0.0219813 0.0525303         0         0         0
1142.71	  0.791219   -1.44535  -0.157332   0.449505 0.00847062   0.893235 0.00245083          0          0          0	   2.17092   -1.99517   -1.96455   0.972936 -0.0598531   0.413289	  0.202626   0.173593  0.0276038 0.00368144  0.0297498 0.00181901  0.0601361          0          0          0
1142.95	  0.791397   -1.45479  -0.161537     0.4631 -0.0705765   0.878981  0.0891623          0          0          0	   1.44334  -0.712278   -2.45121   0.997205 -0.0778399    0.40248	  0.203669   0.173564   0.027614   0.005381  0.0312562 0.00652376  0.0597246          0          0          0
1143.66	-0.393254 -0.351919  0.213877  0.390328 -0.210849  0.808595  0.386472         0         0         0	   1.86549   -2.24802   -2.01883    1.87465 -0.0289856   0.727388	 0.118479  0.287976 0.0286859 0.0145791  0.027525 0.0272824  0.056613         0         0         0
1143.8	 -0.39624 -0.355218  0.211464  0.363386 -0.300537  0.747234  0.468263         0         0         0	   1.16377   -1.45362   -2.27212    2.08587 -0.0476929   0.800049	 0.118521  0.288325  0.028686 0.0209635 0.0259092  0.033196  0.052598         0         0         0
1144.64	 0.630115   1.40607  0.801573  0.075704 -0.497875 0.0930347  0.858915         0         0         0	  2.0368 -2.22187 -2.44709  2.48093 -0.12303   1.9198	  0.268464   0.184445   0.031896  0.0364603 0.00632593  0.0639702 0.00691828          0          0          0
1144.94	  0.634406    1.42567   0.802998 -0.0970144  -0.476618  -0.332771    0.80789          0          0          0	   1.56983   -1.36957    -2.3096    2.63654 -0.0975406    2.16792	  0.271062   0.184124  0.0319405  0.0358112 0.00772052  0.0613218  0.0252167          0          0          0
1145.51	  0.531547    1.41122   0.761878 -0.0671208  -0.443225  -0.264835   0.853762          0          0          0	  1.05732 -0.815957  -1.30192   2.27264 -0.194248   2.41241	  0.268482   0.192466  0.0315957  0.0345239 0.00541728  0.0677374  0.0211858          0          0          0
1145.91	 0.564042   1.40071  0.779072 -0.183452  -0.23689  -0.78627  0.540378         0         0         0	  0.736103  -0.614321  -0.825772    1.90824 -0.0126487    2.20589	 0.267017  0.189738 0.0315959 0.0193085 0.0149529 0.0440453 0.0640874         0         0         0
1146.6	 0.958805   1.15593  0.805286 -0.043112 -0.299162 -0.428371  0.851553         0         0         0	   0.181996   -0.266498 -0.00441686     1.27966    0.300611     1.84964	  0.233432    0.16605   0.031596  0.0243841 0.00351431  0.0694086  0.0349158          0          0          0
1146.88	 0.955823   1.15451  0.807047 -0.160871 -0.282939 -0.657677  0.679358         0         0         0	    0.1437   -0.24098 -0.0232697    1.10799   0.243859    1.49263	 0.233244  0.166147 0.0315962  0.023395 0.0133017  0.056173 0.0543803         0         0         0
1147.6	   1.0586 -0.366883  0.766434 -0.154088 -0.267209 -0.646701  0.697591         0         0         0	  0.045224  -0.175361 -0.0717485   0.666543  0.0979272   0.574614	 0.151595  0.163651 0.0315964 0.0220944  0.012741 0.0576807 0.0534728         0         0         0
1147.76	  1.05868  -0.36474  0.765205 -0.196347 -0.261195 -0.683417  0.652814         0         0         0	-0.0548081   0.600613 -0.0715348   0.504651  0.0528597    0.36968	 0.151444   0.16365 0.0315966 0.0217191 0.0163355 0.0541079 0.0566466         0         0         0
1148.54	 0.407972  -1.81217   0.75989 -0.239078 -0.194105 -0.799338  0.515969         0         0         0	  0.0381902   -0.353365   -0.242322    0.127636 -0.00319053    0.245907	 0.334836  0.204465 0.0319398 0.0166046 0.0202696 0.0431442 0.0668683         0         0         0
1148.7	 0.411251  -1.81162  0.758129 -0.261041  -0.20396 -0.802242  0.496655         0         0         0	  0.0400422   -0.101679    0.011989   0.0550505 -0.00140521    0.194515	 0.334753  0.204135 0.0319391 0.0173788 0.0220521 0.0415648 0.0671711         0         0         0
1149.54	-0.550387  -2.99536  0.739947 -0.233251 -0.206815  -0.83799  0.447878         0         0         0	 0.0015907  -0.214721  0.0722975  -0.121057 -0.0111722 -0.0683744	 0.522503   0.32735 0.0321814 0.0174245 0.0196519 0.0377345 0.0706021         0         0         0
1149.83	-0.545569  -2.99505  0.735889 -0.261872 -0.227579 -0.824361   0.44728         0         0         0	-0.0116842  -0.253747  0.0931183  -0.181856 -0.0145442  -0.159134	 0.522453  0.326649 0.0321816  0.019174 0.0220632 0.0376841 0.0694539         0         0         0
1150.42	 -0.754096   -3.47335   0.728971 -0.0909667  -0.302794  -0.446803   0.836904          0          0          0	  -0.132259    -0.18606 -0.00360362   -0.220022  -0.0539522    -0.30626	  0.600581   0.357553  0.0322411  0.0258578 0.00826452  0.0713947  0.0381683          0          0          0
1150.8	 -0.764577   -3.47959   0.731079 -0.0687517  -0.304737  -0.385485   0.868222          0          0          0	 0.0120815  -0.295512   0.100668  -0.196607 -0.0482815  -0.339269	 0.601604  0.359121 0.0322441 0.0262254  0.006604 0.0750822 0.0333662         0         0         0
1151.57	-0.829072   -2.9421  0.730635  0.253841 -0.151797  0.636476  0.712335         0         0         0	  0.158442   -0.21494 0.00934836 -0.0912246 -0.0152245  -0.173089	 0.513953  0.368956 0.0322562 0.0136405 0.0228101 0.0640102 0.0571936         0         0         0
1151.89	-0.829327  -2.94518  0.734272  0.274046  -0.18466  0.638048  0.695482         0         0         0	   0.219267   -0.181455  -0.0286027  -0.0474295 -0.00148645   -0.104027	 0.514448  0.368995 0.0322563 0.0165935 0.0246257 0.0624958 0.0573348         0         0         0
1152.64	-0.788103  -1.42171  0.710496  0.273757 -0.158617  0.687225  0.653927         0         0         0	 0.361826 -0.102976 -0.117551 0.0552152  0.030712 0.0578373	 0.295968  0.362719 0.0322565 0.0142533 0.0245998 0.0587617 0.0617539         0         0         0
1152.8	-0.790374  -1.42347  0.709421  0.291833 -0.172446  0.679725  0.650438         0         0         0	 0.021877  0.204254 -0.073337 0.0678892 0.0179031  0.090699	 0.296166  0.363064 0.0322567 0.0155895 0.0262991   0.05854 0.0611851         0         0         0
1153.57	-0.602148  0.119894  0.730535  0.270409 -0.182695  0.632866  0.702126         0         0         0	 0.197119 -0.152021 -0.220817  0.411756  0.021626  0.262453	  0.25004  0.335012 0.0325628 0.0169185 0.0247502 0.0635695 0.0573211         0         0         0
1153.8	-0.607331  0.121901  0.729331  0.289427 -0.234386   0.59336  0.713596         0         0         0	0.0838319  0.727089 -0.277901  0.419439 0.0246949  0.321766	 0.250181  0.335769 0.0325661 0.0215349 0.0264781 0.0646889 0.0538058         0         0         0
1154.56	 0.137853   1.51921  0.726619  0.195621 -0.242588  0.460246  0.831299         0         0         0	-0.0277174   -0.15211  -0.148032   0.695051    0.17505    1.22178	 0.419212  0.240461 0.0331891 0.0222183 0.0179632  0.075677 0.0418987         0         0         0
1154.75	 0.136307   1.51851  0.725282  0.194181 -0.289419  0.335586  0.875164         0         0         0	-0.00952697   0.0773615     -0.1803    0.747017    0.236954     1.37856	  0.41911  0.240618 0.0331895 0.0264022 0.0177141 0.0798367 0.0306138         0         0         0
1155.42	0.487865  1.98964 0.723168 0.291772 -0.10577 0.800038  0.51344        0        0        0	0.0546182  0.886551 -0.294089  0.930267  0.455244   1.93142	     0.493   0.211551  0.0331896 0.00964905   0.026617  0.0468385  0.0729833          0          0          0
1155.8	 0.513073   1.99053  0.729115  0.284737 -0.168383  0.505391  0.796964         0         0         0	 0.152189   1.23429 -0.245308   1.07665  0.341743    1.9316	 0.493148  0.210066 0.0331895 0.0155704 0.0261587 0.0731629 0.0464024         0         0         0
1156.49	-0.0800278    1.93145   0.813002   0.332962  -0.175178   0.592956   0.711936          0          0          0	 0.874453  0.724055 -0.998946   1.13088  0.163153  0.911121	 0.483647   0.26493 0.0332705  0.016563 0.0311929 0.0667547 0.0555835         0         0         0
1156.77	-0.0888585    1.92937   0.813249   0.263981  -0.261936   0.456839   0.808085          0          0          0	0.602959  2.10883 -1.55128 0.881941 0.122399 0.594668	 0.483312  0.266004 0.0332729 0.0248613 0.0250322 0.0761947 0.0431053         0         0         0
1157.56	  1.11147   2.73148  0.853959  0.182876 -0.299812  0.243408  0.904114         0         0         0	 0.549643  0.149978  -0.57798  0.632424 0.0497528  0.460585	 0.617694  0.210945 0.0337767 0.0289002 0.0178947 0.0865016  0.023287         0         0         0
1157.83	  1.10846   2.73534  0.853777  0.142612 -0.351362  0.164388  0.910595         0         0         0	   0.428828     1.05473   -0.462217    0.548509 -0.00209669    0.338651	 0.618361  0.210782 0.0337812 0.0338927 0.0141125 0.0874178 0.0158005         0         0         0
1158.57	   2.47817    2.66363   0.850963 0.00697537  -0.325471  -0.180373   0.928163          0          0          0	 0.218738  0.614926 -0.279033   0.49026 0.0435597  0.381288	   0.606018    0.380139   0.0342649   0.0315629 0.000676828   0.0900097   0.0174919           0           0           0
1158.9	   2.47589    2.66866   0.838637 0.00667853  -0.395962  -0.162699   0.903714          0          0          0	  0.12505  0.418795 -0.197342  0.464284   0.06392  0.400302	   0.606887    0.379765   0.0342651   0.0383989 0.000647996   0.0876388   0.0157779           0           0           0
1159.64	  2.85318   2.09196  0.838892 -0.191817   -0.2542 -0.738741  0.594012         0         0         0	-0.0850395 -0.0210131 -0.0141578   0.406034   0.109576   0.442939	 0.509734  0.443336 0.0342652 0.0246514 0.0186018 0.0576051 0.0716403         0         0         0
1159.86	  2.85504   2.09311  0.837556 -0.219906 -0.243476 -0.772555  0.543617         0         0         0	-0.0850395 -0.0210131 -0.0141578   0.406034   0.109576   0.442939	 0.509922  0.443656 0.0342653 0.0243518 0.0220855 0.0530744 0.0754132         0         0         0
